           CPU0       CPU1       CPU2       CPU3       CPU4       CPU5       CPU6       CPU7       CPU8       CPU9       CPU10      CPU11      CPU12      CPU13      CPU14      CPU15      CPU16      CPU17      CPU18      CPU19      CPU20      CPU21      CPU22      CPU23      CPU24      CPU25      CPU26      CPU27      CPU28      CPU29      CPU30      CPU31      
  4:          0          0        963          0          0         15          0          0          0          0          0          0          0          0          0          0          0          0          0          0          0          0          0          0          0          0          0          0          0          0          0          0   IO-APIC   4-edge      ttyS0
  8:          0          0          0          0          0          0          0          0          0          0          0          0          0          0          0          0          0          0          0          0          0          0          0          0          0          0          0          0          0          0          0          0   IO-APIC   8-edge      rtc0
  9:          0          0          0          0          0          0          0          0          0          0          0          0          0          0          0          0          0          0          0          0          0          0          0          0          0          0          0          0          0          0          0          0   IO-APIC   9-fasteoi   acpi
 24:          0          0          0       1503          0          0          0          0          0          0          0          0          0          0          0          0          0          0          0          0          0          0          0          0          0          0      37825          0          0          0          0          0  Hyper-V PCIe MSI 2353910546432-edge      mlx4-async@pci:4482:00:02.0
 25:         87          0          0          0          1          0          0          0          0          0          0          0          0          0          0          0          0          0          0          0          0          0          0          0          0          0          0          0          0          0   29562334          0  Hyper-V PCIe MSI 2353910546433-edge      mlx4-1@4482:00:02.0
 26:          0          9          0   29050212          0          1          0          0          0          0          0          0          0          0          0          0          0          0          0          0          0          0          0          0          0          0          0          0          0          0          0          0  Hyper-V PCIe MSI 2353910546434-edge      mlx4-2@4482:00:02.0
 27:          0          0         36          0          0          0          1          0          0          0          0          0          0          0          0          0          0          0          0          0          0   30095015          0          0          0          0          0          0          0          0          0          0  Hyper-V PCIe MSI 2353910546435-edge      mlx4-3@4482:00:02.0
 28:          0          0          0         31          0          0          0          1          0          0          0          0          0          0   29770840          0          0          0          0          0          0          0          0          0          0          0          0          0          0          0          0          0  Hyper-V PCIe MSI 2353910546436-edge      mlx4-4@4482:00:02.0
 29:          0          0          0          0        304          0          0          0          1   27659453          0          0          0          0          0          0          0          0          0          0          0          0          0          0          0          0          0          0          0          0          0          0  Hyper-V PCIe MSI 2353910546437-edge      mlx4-5@4482:00:02.0
 30:          0          0          0          0          0          0          0          0          0          1          0          0          0          0          0          0          0          0          0          0          0          0          0          0          0          0          0          0   25816014          0          0          0  Hyper-V PCIe MSI 2353910546438-edge      mlx4-6@4482:00:02.0
 31:          0          0          0          0          0          0         75          0          0          0          1          0          0          0          0          0          0          0          0          0          0          0   31563739          0          0          0          0          0          0          0          0          0  Hyper-V PCIe MSI 2353910546439-edge      mlx4-7@4482:00:02.0
 32:          0          0          0          0          0   29918562          0         63          0          0          0          1          0          0          0          0          0          0          0          0          0          0          0          0          0          0          0          0          0          0          0          0  Hyper-V PCIe MSI 2353910546440-edge      mlx4-8@4482:00:02.0
 33:          0          0          0          0          0          0          0          0          6          0          0          0   30133278          0          0          0          0          0          0          0          0          0          0          0          0          0          0          0          0          0          0          0  Hyper-V PCIe MSI 2353910546441-edge      mlx4-9@4482:00:02.0
 34:          0          0          0          0          0          0          0          0          0         24          0          0          0          1          0          0   26123815          0          0          0          0          0          0          0          0          0          0          0          0          0          0          0  Hyper-V PCIe MSI 2353910546442-edge      mlx4-10@4482:00:02.0
 35:          0          0          0          0          0          0          0          0          0          0         62          0          0          0          1          0          0          0          0          0   30685474          0          0          0          0          0          0          0          0          0          0          0  Hyper-V PCIe MSI 2353910546443-edge      mlx4-11@4482:00:02.0
 36:          0          0          0          0          0          0          0          0          0          0          0          6          0          0          0          1          0          0          0          0          0          0          0          0   30124830          0          0          0          0          0          0          0  Hyper-V PCIe MSI 2353910546444-edge      mlx4-12@4482:00:02.0
 37:          0          0          0          0          0          0          0          0          0          0          0   27118691         64          0          0          0          1          0          0          0          0          0          0          0          0          0          0          0          0          0          0          0  Hyper-V PCIe MSI 2353910546445-edge      mlx4-13@4482:00:02.0
 38:          0   29388650          0          0          0          0          0          0          0          0          0          0          0         52          0          0          0          1          0          0          0          0          0          0          0          0          0          0          0          0          0          0  Hyper-V PCIe MSI 2353910546446-edge      mlx4-14@4482:00:02.0
 39:          0          0          0          0          0          0          0   27464104          0          0          0          0          0          0          3          0          0          0          1          0          0          0          0          0          0          0          0          0          0          0          0          0  Hyper-V PCIe MSI 2353910546447-edge      mlx4-15@4482:00:02.0
 40:          0          0          0          0          0          0          0          0          0          0          0          0          0          0          0         24          0          0   32640055          1          0          0          0          0          0          0          0          0          0          0          0          0  Hyper-V PCIe MSI 2353910546448-edge      mlx4-16@4482:00:02.0
NMI:          0          0          0          0          0          0          0          0          0          0          0          0          0          0          0          0          0          0          0          0          0          0          0          0          0          0          0          0          0          0          0          0   Non-maskable interrupts
LOC:          0          0          0          0          0          0          0          0          0          0          0          0          0          0          0          0          0          0          0          0          0          0          0          0          0          0          0          0          0          0          0          0   Local timer interrupts
SPU:          0          0          0          0          0          0          0          0          0          0          0          0          0          0          0          0          0          0          0          0          0          0          0          0          0          0          0          0          0          0          0          0   Spurious interrupts
PMI:          0          0          0          0          0          0          0          0          0          0          0          0          0          0          0          0          0          0          0          0          0          0          0          0          0          0          0          0          0          0          0          0   Performance monitoring interrupts
IWI:       2044       1056       1861       1112       1944        961       1814       3729       1720        825       1959        808       1452       1130       1561       1237       1564       1370       1718       1477       2259       1205       2040       1560       1871       1562       2464       1675       1817       1448       1781       1539   IRQ work interrupts
RTR:          0          0          0          0          0          0          0          0          0          0          0          0          0          0          0          0          0          0          0          0          0          0          0          0          0          0          0          0          0          0          0          0   APIC ICR read retries
RES:      22948      12260      31799      12782      35331      13283      34020      12758      32421      13560      34417      11029      15898      29717      14435      29453      17594      25384      15967      28242      18190      12862      15527      27241      14068      28246      26897      18224      14300      25188      15879      24581   Rescheduling interrupts
CAL:    2094501     639214    1960732     777157    1964960     764301    1934202     780857    1944955     673028    1957105     657158     914127    1646784    1029224    1638957     997357    1657382    1065883    1644636     783462     616219     965979    1608057     961508    1614238    2068824    1618688    1070912    1631072     902459    1668336   Function call interrupts
TLB:          0          0          0          0          0          0          0          0          0          0          0          0          0          0          0          0          0          0          0          0          0          0          0          0          0          0          0          0          0          0          0          0   TLB shootdowns
TRM:          0          0          0          0          0          0          0          0          0          0          0          0          0          0          0          0          0          0          0          0          0          0          0          0          0          0          0          0          0          0          0          0   Thermal event interrupts
THR:          0          0          0          0          0          0          0          0          0          0          0          0          0          0          0          0          0          0          0          0          0          0          0          0          0          0          0          0          0          0          0          0   Threshold APIC interrupts
DFR:          0          0          0          0          0          0          0          0          0          0          0          0          0          0          0          0          0          0          0          0          0          0          0          0          0          0          0          0          0          0          0          0   Deferred Error APIC interrupts
MCE:          0          0          0          0          0          0          0          0          0          0          0          0          0          0          0          0          0          0          0          0          0          0          0          0          0          0          0          0          0          0          0          0   Machine check exceptions
MCP:         10         10         10         10         10         10         10         10         10         10         10         10         10         10         10         10         10         10         10         10         10         10         10         10         10         10         10         10         10         10         10         10   Machine check polls
HYP:      16856      16082          7       9772      32413      35344      24001      17962      16956      28696          0          0          0          0          1         15         14       2000       1568       1606       1734       1452       2352       1856       1868       1640       1980       2008       1566       1699       1576       1599   Hypervisor callback interrupts
HRE:          0          0          0          0          0          0          0          0          0          0          0          0          0          0          0          0          0          0          0          0          0          0          0          0          0          0          0          0          0          0          0          0   Hyper-V reenlightenment interrupts
HVS:    1343687     693171    1353581     785831    1351494     715855    1350404     755185    1394543     772896    1362885     814728    1021991    1134534    1024553    1137629    1113093    1075688    1021750    1133465    1124414     907511     985082    1129611    1005621    1096451    1311636    1038219    1063537    1110542    1018156    1085279   Hyper-V stimer0 interrupts
ERR:          0
MIS:          0
PIN:          0          0          0          0          0          0          0          0          0          0          0          0          0          0          0          0          0          0          0          0          0          0          0          0          0          0          0          0          0          0          0          0   Posted-interrupt notification event
NPI:          0          0          0          0          0          0          0          0          0          0          0          0          0          0          0          0          0          0          0          0          0          0          0          0          0          0          0          0          0          0          0          0   Nested posted-interrupt event
PIW:          0          0          0          0          0          0          0          0          0          0          0          0          0          0          0          0          0          0          0          0          0          0          0          0          0          0          0          0          0          0          0          0   Posted-interrupt wakeup event
