016447a1 00000000 0000016a 00000000 00000000 00000000 00000000 00000000 00000000 00000000 00000000 00000000 00000000
0824d2ab 00000000 00000d15 00000000 00000000 00000000 00000000 00000000 00000000 00000000 00000000 00000000 00000001
015fa1f4 00000000 0000014f 00000000 00000000 00000000 00000000 00000000 00000000 00000000 00000000 00000000 00000002
0686dfc8 00000000 00000ab7 00000000 00000000 00000000 00000000 00000000 00000000 00000000 00000000 00000000 00000003
01601343 00000000 00000157 00000000 00000000 00000000 00000000 00000000 00000000 00000000 00000000 00000000 00000004
06821615 00000000 00000ae5 00000000 00000000 00000000 00000000 00000000 00000000 00000000 00000000 00000000 00000005
01621e2d 00000000 00000155 00000000 00000000 00000000 00000000 00000000 00000000 00000000 00000000 00000000 00000006
06ad9fe7 00000000 00000aad 00000000 00000000 00000000 00000000 00000000 00000000 00000000 00000000 00000000 00000007
016011fc 00000000 00000157 00000000 00000000 00000000 00000000 00000000 00000000 00000000 00000000 00000000 00000008
07e8652f 00000000 00000c0a 00000000 00000000 00000000 00000000 00000000 00000000 00000000 00000000 00000000 00000009
015ff1ab 00000000 00000134 00000000 00000000 00000000 00000000 00000000 00000000 00000000 00000000 00000000 0000000a
074d2c96 00000000 00000d36 00000000 00000000 00000000 00000000 00000000 00000000 00000000 00000000 00000000 0000000b
07848ff1 00000000 00000bc5 00000000 00000000 00000000 00000000 00000000 00000000 00000000 00000000 00000000 0000000c
014a50ab 00000000 00000146 00000000 00000000 00000000 00000000 00000000 00000000 00000000 00000000 00000000 0000000d
06a38b19 00000000 00000bdb 00000000 00000000 00000000 00000000 00000000 00000000 00000000 00000000 00000000 0000000e
0149280f 00000000 0000014d 00000000 00000000 00000000 00000000 00000000 00000000 00000000 00000000 00000000 0000000f
077a8b29 00000000 00000b44 00000000 00000000 00000000 00000000 00000000 00000000 00000000 00000000 00000000 00000010
014e0a7a 00000000 0000015b 00000000 00000000 00000000 00000000 00000000 00000000 00000000 00000000 00000000 00000011
066d6bcd 00000000 00000acb 00000000 00000000 00000000 00000000 00000000 00000000 00000000 00000000 00000000 00000012
014ba23e 00000000 0000014d 00000000 00000000 00000000 00000000 00000000 00000000 00000000 00000000 00000000 00000013
0732516b 00000000 00000cb9 00000000 00000000 00000000 00000000 00000000 00000000 00000000 00000000 00000000 00000014
06921e1b 00000000 00000b3c 00000000 00000000 00000000 00000000 00000000 00000000 00000000 00000000 00000000 00000015
06c2d409 00000000 00000b5d 00000000 00000000 00000000 00000000 00000000 00000000 00000000 00000000 00000000 00000016
0148af7c 00000000 00000125 00000000 00000000 00000000 00000000 00000000 00000000 00000000 00000000 00000000 00000017
070e711c 00000000 00000bac 00000000 00000000 00000000 00000000 00000000 00000000 00000000 00000000 00000000 00000018
0149ed68 00000000 0000013d 00000000 00000000 00000000 00000000 00000000 00000000 00000000 00000000 00000000 00000019
017d9f7d 00000000 00000177 00000000 00000000 00000000 00000000 00000000 00000000 00000000 00000000 00000000 0000001a
015e35cb 00000000 0000017b 00000000 00000000 00000000 00000000 00000000 00000000 00000000 00000000 00000000 0000001b
06afa678 00000000 00000abe 00000000 00000000 00000000 00000000 00000000 00000000 00000000 00000000 00000000 0000001c
014c53d7 00000000 0000014d 00000000 00000000 00000000 00000000 00000000 00000000 00000000 00000000 00000000 0000001d
079d76c7 00000000 00000c1c 00000000 00000000 00000000 00000000 00000000 00000000 00000000 00000000 00000000 0000001e
014976e9 00000000 00000138 00000000 00000000 00000000 00000000 00000000 00000000 00000000 00000000 00000000 0000001f
