0187bb13 00000000 000001c2 00000000 00000000 00000000 00000000 00000000 00000000 00000000 00000000 00000000 00000000
0c56e957 00000000 00000f5a 00000000 00000000 00000000 00000000 00000000 00000000 00000000 00000000 00000000 00000001
01836baf 00000000 000001b2 00000000 00000000 00000000 00000000 00000000 00000000 00000000 00000000 00000000 00000002
09fe0986 00000000 00000d06 00000000 00000000 00000000 00000000 00000000 00000000 00000000 00000000 00000000 00000003
0183d610 00000000 000001c4 00000000 00000000 00000000 00000000 00000000 00000000 00000000 00000000 00000000 00000004
0a4a42d1 00000000 00000d1b 00000000 00000000 00000000 00000000 00000000 00000000 00000000 00000000 0000000d 00000005
0185d6c5 00000000 000001b5 00000000 00000000 00000000 00000000 00000000 00000000 00000000 00000000 00000000 00000006
0a89eb1f 00000000 00000ce0 00000000 00000000 00000000 00000000 00000000 00000000 00000000 00000000 00000000 00000007
0183a451 00000000 000001ba 00000000 00000000 00000000 00000000 00000000 00000000 00000000 00000000 00000000 00000008
0bf10548 00000000 00000e4e 00000000 00000000 00000000 00000000 00000000 00000000 00000000 00000000 00000000 00000009
0183666c 00000000 00000189 00000000 00000000 00000000 00000000 00000000 00000000 00000000 00000000 00000000 0000000a
090e481c 00000000 00000ef6 00000000 00000000 00000000 00000000 00000000 00000000 00000000 00000000 00000000 0000000b
0bdf165f 00000000 00000e03 00000000 00000000 00000000 00000000 00000000 00000000 00000000 00000000 00000005 0000000c
0169e5ad 00000000 000001ae 00000000 00000000 00000000 00000000 00000000 00000000 00000000 00000000 00000000 0000000d
09441886 00000000 00000dfc 00000000 00000000 00000000 00000000 00000000 00000000 00000000 00000000 00000000 0000000e
01683d2d 00000000 000001ab 00000000 00000000 00000000 00000000 00000000 00000000 00000000 00000000 00000000 0000000f
0b995f88 00000000 00000d6f 00000000 00000000 00000000 00000000 00000000 00000000 00000000 00000000 00000000 00000010
016da610 00000000 000001b7 00000000 00000000 00000000 00000000 00000000 00000000 00000000 00000000 00000000 00000011
09fa2410 00000000 00000cf2 00000000 00000000 00000000 00000000 00000000 00000000 00000000 00000000 00000002 00000012
016aef8f 00000000 000001b4 00000000 00000000 00000000 00000000 00000000 00000000 00000000 00000000 00000000 00000013
089e6258 00000000 00000e06 00000000 00000000 00000000 00000000 00000000 00000000 00000000 00000000 00000000 00000014
09d94937 00000000 00000d4d 00000000 00000000 00000000 00000000 00000000 00000000 00000000 00000000 00000008 00000015
080483ab 00000000 00000cdd 00000000 00000000 00000000 00000000 00000000 00000000 00000000 00000000 00000020 00000016
0167466f 00000000 00000187 00000000 00000000 00000000 00000000 00000000 00000000 00000000 00000000 00000000 00000017
099ea9f6 00000000 00000dd2 00000000 00000000 00000000 00000000 00000000 00000000 00000000 00000000 00000000 00000018
01694059 00000000 000001a5 00000000 00000000 00000000 00000000 00000000 00000000 00000000 00000000 00000000 00000019
01a2b88a 00000000 000001d9 00000000 00000000 00000000 00000000 00000000 00000000 00000000 00000000 00000000 0000001a
017caf68 00000000 000001e8 00000000 00000000 00000000 00000000 00000000 00000000 00000000 00000000 00000000 0000001b
09fa26a6 00000000 00000d00 00000000 00000000 00000000 00000000 00000000 00000000 00000000 00000000 00000017 0000001c
016c10b0 00000000 000001b5 00000000 00000000 00000000 00000000 00000000 00000000 00000000 00000000 00000000 0000001d
0b437134 00000000 00000e67 00000000 00000000 00000000 00000000 00000000 00000000 00000000 00000000 00000002 0000001e
016932a3 00000000 0000019e 00000000 00000000 00000000 00000000 00000000 00000000 00000000 00000000 00000000 0000001f
