           CPU0       CPU1       CPU2       CPU3       CPU4       CPU5       CPU6       CPU7       CPU8       CPU9       CPU10      CPU11      CPU12      CPU13      CPU14      CPU15      CPU16      CPU17      CPU18      CPU19      CPU20      CPU21      CPU22      CPU23      CPU24      CPU25      CPU26      CPU27      CPU28      CPU29      CPU30      CPU31      
  4:          0          0        967          0          0          0          0          0          0          0          0          0          0          0          0         16          0          0          0          0          0          0          0          0          0          0          0          0          0          0          0          0   IO-APIC   4-edge      ttyS0
  8:          0          0          0          0          0          0          0          0          0          0          0          0          0          0          0          0          0          0          0          0          0          0          0          0          0          0          0          0          0          0          0          0   IO-APIC   8-edge      rtc0
  9:          0          0          0          0          0          0          0          0          0          0          0          0          0          0          0          0          0          0          0          0          0          0          0          0          0          0          0          0          0          0          0          0   IO-APIC   9-fasteoi   acpi
 24:          0          0          0       1516          0          0          0          0          0          0          0          0          0          0          0          0          0          0          0          0          0          0          0          0          0          0      43591          0          0          0          0          0  Hyper-V PCIe MSI 8598792994816-edge      mlx4-async@pci:fa42:00:02.0
 25:         31          0          0          0          1          0          0          0          0          0          0          0          0          0          0          0          0          0          0          0          0          0          0          0          0          0          0          0          0          0   44860228          0  Hyper-V PCIe MSI 8598792994817-edge      mlx4-1@fa42:00:02.0
 26:          0         37          0   43252692          0          1          0          0          0          0          0          0          0          0          0          0          0          0          0          0          0          0          0          0          0          0          0          0          0          0          0          0  Hyper-V PCIe MSI 8598792994818-edge      mlx4-2@fa42:00:02.0
 27:          0          0        200          0          0          0          1          0          0          0          0          0          0          0          0          0          0          0          0          0          0   44077591          0          0          0          0          0          0          0          0          0          0  Hyper-V PCIe MSI 8598792994819-edge      mlx4-3@fa42:00:02.0
 28:          0          0          0        286          0          0          0          1          0          0          0          0          0          0   43823387          0          0          0          0          0          0          0          0          0          0          0          0          0          0          0          0          0  Hyper-V PCIe MSI 8598792994820-edge      mlx4-4@fa42:00:02.0
 29:          0          0          0          0        109          0          0          0          1   43305199          0          0          0          0          0          0          0          0          0          0          0          0          0          0          0          0          0          0          0          0          0          0  Hyper-V PCIe MSI 8598792994821-edge      mlx4-5@fa42:00:02.0
 30:          0          0          0          0          0         49          0          0          0          1          0          0          0          0          0          0          0          0          0          0          0          0          0          0          0          0          0          0   39914032          0          0          0  Hyper-V PCIe MSI 8598792994822-edge      mlx4-6@fa42:00:02.0
 31:          0          0          0          0          0          0          7          0          0          0          1          0          0          0          0          0          0          0          0          0          0          0   44914917          0          0          0          0          0          0          0          0          0  Hyper-V PCIe MSI 8598792994823-edge      mlx4-7@fa42:00:02.0
 32:          0          0          0          0          0   44386464          0         25          0          0          0          1          0          0          0          0          0          0          0          0          0          0          0          0          0          0          0          0          0          0          0          0  Hyper-V PCIe MSI 8598792994824-edge      mlx4-8@fa42:00:02.0
 33:          0          0          0          0          0          0          0          0          6          0          0          0   44432186          0          0          0          0          0          0          0          0          0          0          0          0          0          0          0          0          0          0          0  Hyper-V PCIe MSI 8598792994825-edge      mlx4-9@fa42:00:02.0
 34:          0          0          0          0          0          0          0          0          0         40          0          0          0          1          0          0   43482952          0          0          0          0          0          0          0          0          0          0          0          0          0          0          0  Hyper-V PCIe MSI 8598792994826-edge      mlx4-10@fa42:00:02.0
 35:          0          0          0          0          0          0          0          0          0          0        109          0          0          0          1          0          0          0          0          0   48342684          0          0          0          0          0          0          0          0          0          0          0  Hyper-V PCIe MSI 8598792994827-edge      mlx4-11@fa42:00:02.0
 36:          0          0          0          0          0          0          0          0          0          0          0         48          0          0          0          1          0          0          0          0          0          0          0          0   46220282          0          0          0          0          0          0          0  Hyper-V PCIe MSI 8598792994828-edge      mlx4-12@fa42:00:02.0
 37:          0          0          0          0          0          0          0          0          0          0          0   39437100          6          0          0          0          1          0          0          0          0          0          0          0          0          0          0          0          0          0          0          0  Hyper-V PCIe MSI 8598792994829-edge      mlx4-13@fa42:00:02.0
 38:          0   48401547          0          0          0          0          0          0          0          0          0          0          0         22          0          0          0          1          0          0          0          0          0          0          0          0          0          0          0          0          0          0  Hyper-V PCIe MSI 8598792994830-edge      mlx4-14@fa42:00:02.0
 39:          0          0          0          0          0          0          0   41582185          0          0          0          0          0          0         13          0          0          0          1          0          0          0          0          0          0          0          0          0          0          0          0          0  Hyper-V PCIe MSI 8598792994831-edge      mlx4-15@fa42:00:02.0
 40:          0          0          0          0          0          0          0          0          0          0          0          0          0          0          0          2          0          0   48190749          1          0          0          0          0          0          0          0          0          0          0          0          0  Hyper-V PCIe MSI 8598792994832-edge      mlx4-16@fa42:00:02.0
NMI:          0          0          0          0          0          0          0          0          0          0          0          0          0          0          0          0          0          0          0          0          0          0          0          0          0          0          0          0          0          0          0          0   Non-maskable interrupts
LOC:          0          0          0          0          0          0          0          0          0          0          0          0          0          0          0          0          0          0          0          0          0          0          0          0          0          0          0          0          0          0          0          0   Local timer interrupts
SPU:          0          0          0          0          0          0          0          0          0          0          0          0          0          0          0          0          0          0          0          0          0          0          0          0          0          0          0          0          0          0          0          0   Spurious interrupts
PMI:          0          0          0          0          0          0          0          0          0          0          0          0          0          0          0          0          0          0          0          0          0          0          0          0          0          0          0          0          0          0          0          0   Performance monitoring interrupts
IWI:       2244       1303       2039       1192       2027       3250       1874       1071       2062       1188       1845       1479       1461       1294       7285       1396       1708       1690       1804       1589       2307       1398       2175       1596       2426       1706       2365       1727       2210       1641       2193       1799   IRQ work interrupts
RTR:          0          0          0          0          0          0          0          0          0          0          0          0          0          0          0          0          0          0          0          0          0          0          0          0          0          0          0          0          0          0          0          0   APIC ICR read retries
RES:      35538      19599      40999      23890      51467      18762      51626      23734      47342      21583      46249      19044      28490      41702      23967      42549      24771      35901      24407      40470      25179      20753      21601      37585      22113      36240      35475      26469      19298      35406      22070      36201   Rescheduling interrupts
CAL:    3359062    1822308    3299735    1685495    3295051    1846702    3254893    1804931    3275575    1655466    3262570    1721456    2256440    2840504    2245113    2862826    2468639    2844172    2262531    2837368    2025976    1828274    1989633    2796952    2253442    2823931    3537978    2953300    2101789    2789062    2152590    2814358   Function call interrupts
TLB:          0          0          0          0          0          0          0          0          0          0          0          0          0          0          0          0          0          0          0          0          0          0          0          0          0          0          0          0          0          0          0          0   TLB shootdowns
TRM:          0          0          0          0          0          0          0          0          0          0          0          0          0          0          0          0          0          0          0          0          0          0          0          0          0          0          0          0          0          0          0          0   Thermal event interrupts
THR:          0          0          0          0          0          0          0          0          0          0          0          0          0          0          0          0          0          0          0          0          0          0          0          0          0          0          0          0          0          0          0          0   Threshold APIC interrupts
DFR:          0          0          0          0          0          0          0          0          0          0          0          0          0          0          0          0          0          0          0          0          0          0          0          0          0          0          0          0          0          0          0          0   Deferred Error APIC interrupts
MCE:          0          0          0          0          0          0          0          0          0          0          0          0          0          0          0          0          0          0          0          0          0          0          0          0          0          0          0          0          0          0          0          0   Machine check exceptions
MCP:         12         12         12         12         12         12         12         12         12         12         12         12         12         12         12         12         12         12         12         12         12         12         12         12         12         12         12         12         12         12         12         12   Machine check polls
HYP:      19181      29159          5      19970      29616          0      22190      16311          0      22665          0      20285      26245          0          4         17         11       1506       1721       1682       2077       1578       1476       2184       1496       1505       1638       1540       1984       1561       1513       1594   Hypervisor callback interrupts
HRE:          0          0          0          0          0          0          0          0          0          0          0          0          0          0          0          0          0          0          0          0          0          0          0          0          0          0          0          0          0          0          0          0   Hyper-V reenlightenment interrupts
HVS:    2949965    1988730    3051570    2139539    3049308    1863477    3013716    1980064    2908737    2138474    2963104    2218949    2157315    2859139    2511880    2818824    2348963    2862800    2039247    2974145    2287002    2454759    2268537    2908930    2157294    3039479    2861345    2713759    2239537    2812822    2348013    2686288   Hyper-V stimer0 interrupts
ERR:          0
MIS:          0
PIN:          0          0          0          0          0          0          0          0          0          0          0          0          0          0          0          0          0          0          0          0          0          0          0          0          0          0          0          0          0          0          0          0   Posted-interrupt notification event
NPI:          0          0          0          0          0          0          0          0          0          0          0          0          0          0          0          0          0          0          0          0          0          0          0          0          0          0          0          0          0          0          0          0   Nested posted-interrupt event
PIW:          0          0          0          0          0          0          0          0          0          0          0          0          0          0          0          0          0          0          0          0          0          0          0          0          0          0          0          0          0          0          0          0   Posted-interrupt wakeup event
