02456552 00000000 000000c5 00000000 00000000 00000000 00000000 00000000 00000000 00000000 00000000 00000000 00000000
078263d0 00000000 0000046a 00000000 00000000 00000000 00000000 00000000 00000000 00000000 00000000 00000000 00000001
0248050a 00000000 000000be 00000000 00000000 00000000 00000000 00000000 00000000 00000000 00000000 00000000 00000002
07f7fdd9 00000000 000002bc 00000000 00000000 00000000 00000000 00000000 00000000 00000000 00000000 00000000 00000003
0248c242 00000001 000000cf 00000000 00000000 00000000 00000000 00000000 00000000 00000000 00000000 00000000 00000004
078327db 00000000 00000437 00000000 00000000 00000000 00000000 00000000 00000000 00000000 00000000 00000000 00000005
0249c8a1 00000000 000000c7 00000000 00000000 00000000 00000000 00000000 00000000 00000000 00000000 00000000 00000006
08637ea1 00000001 00000439 00000000 00000000 00000000 00000000 00000000 00000000 00000000 00000000 00000000 00000007
024894d3 00000000 000000b8 00000000 00000000 00000000 00000000 00000000 00000000 00000000 00000000 00000000 00000008
080b97b1 00000000 0000039f 00000000 00000000 00000000 00000000 00000000 00000000 00000000 00000000 00000000 00000009
024de515 00000000 000000d1 00000000 00000000 00000000 00000000 00000000 00000000 00000000 00000000 00000000 0000000a
079d82d0 00000000 00000353 00000000 00000000 00000000 00000000 00000000 00000000 00000000 00000000 00000000 0000000b
0834a5dc 00000001 00000391 00000000 00000000 00000000 00000000 00000000 00000000 00000000 00000000 00000000 0000000c
0240e47b 00000000 000000ac 00000000 00000000 00000000 00000000 00000000 00000000 00000000 00000000 00000000 0000000d
06e5e387 00000000 000003e6 00000000 00000000 00000000 00000000 00000000 00000000 00000000 00000000 00000000 0000000e
023f8d41 00000000 000000b2 00000000 00000000 00000000 00000000 00000000 00000000 00000000 00000000 00000000 0000000f
06d8bdbb 00000000 0000034b 00000000 00000000 00000000 00000000 00000000 00000000 00000000 00000000 00000000 00000010
023af431 00000000 000000c3 00000000 00000000 00000000 00000000 00000000 00000000 00000000 00000000 00000000 00000011
07de7a1f 00000000 0000039a 00000000 00000000 00000000 00000000 00000000 00000000 00000000 00000000 00000000 00000012
0237c884 00000000 000000aa 00000000 00000000 00000000 00000000 00000000 00000000 00000000 00000000 00000000 00000013
071ecff1 00000000 00000390 00000000 00000000 00000000 00000000 00000000 00000000 00000000 00000000 00000000 00000014
066bfc8b 00000000 0000033b 00000000 00000000 00000000 00000000 00000000 00000000 00000000 00000000 00000000 00000015
08658d1c 00000000 00000459 00000000 00000000 00000000 00000000 00000000 00000000 00000000 00000000 00000000 00000016
02395b7d 00000000 000000d5 00000000 00000000 00000000 00000000 00000000 00000000 00000000 00000000 00000000 00000017
07617d7a 00000000 000003a7 00000000 00000000 00000000 00000000 00000000 00000000 00000000 00000000 00000000 00000018
023d7dc6 00000000 000000ae 00000000 00000000 00000000 00000000 00000000 00000000 00000000 00000000 00000000 00000019
0282cc5b 00000001 000000fa 00000000 00000000 00000000 00000000 00000000 00000000 00000000 00000000 00000000 0000001a
027acacf 00000000 000000ec 00000000 00000000 00000000 00000000 00000000 00000000 00000000 00000000 00000000 0000001b
08028093 00000000 000003bd 00000000 00000000 00000000 00000000 00000000 00000000 00000000 00000000 00000000 0000001c
02363975 00000000 000000b6 00000000 00000000 00000000 00000000 00000000 00000000 00000000 00000000 00000000 0000001d
073d5946 00000000 00000316 00000000 00000000 00000000 00000000 00000000 00000000 00000000 00000000 00000000 0000001e
023c5fee 00000000 000000c6 00000000 00000000 00000000 00000000 00000000 00000000 00000000 00000000 00000000 0000001f
