02510349 00000000 000000c5 00000000 00000000 00000000 00000000 00000000 00000000 00000000 00000000 00000000 00000000
0818dac7 00000000 00000470 00000000 00000000 00000000 00000000 00000000 00000000 00000000 00000000 00000001 00000001
0253bddd 00000000 000000c0 00000000 00000000 00000000 00000000 00000000 00000000 00000000 00000000 00000000 00000002
089d1c56 00000000 000002c1 00000000 00000000 00000000 00000000 00000000 00000000 00000000 00000000 00000000 00000003
02548fe0 00000001 000000cf 00000000 00000000 00000000 00000000 00000000 00000000 00000000 00000000 00000000 00000004
080dee32 00000000 00000439 00000000 00000000 00000000 00000000 00000000 00000000 00000000 00000000 00000000 00000005
025585bf 00000000 000000c7 00000000 00000000 00000000 00000000 00000000 00000000 00000000 00000000 00000000 00000006
08f046e1 00000001 0000043f 00000000 00000000 00000000 00000000 00000000 00000000 00000000 00000000 00000001 00000007
025424bf 00000000 000000b8 00000000 00000000 00000000 00000000 00000000 00000000 00000000 00000000 00000000 00000008
08a26efa 00000000 000003a2 00000000 00000000 00000000 00000000 00000000 00000000 00000000 00000000 00000000 00000009
02599767 00000000 000000d1 00000000 00000000 00000000 00000000 00000000 00000000 00000000 00000000 00000000 0000000a
084eed88 00000000 00000357 00000000 00000000 00000000 00000000 00000000 00000000 00000000 00000000 00000000 0000000b
0870ff97 00000001 00000392 00000000 00000000 00000000 00000000 00000000 00000000 00000000 00000000 00000004 0000000c
024a9b06 00000000 000000ac 00000000 00000000 00000000 00000000 00000000 00000000 00000000 00000000 00000000 0000000d
075712fb 00000000 000003e8 00000000 00000000 00000000 00000000 00000000 00000000 00000000 00000000 00000000 0000000e
02494530 00000000 000000b2 00000000 00000000 00000000 00000000 00000000 00000000 00000000 00000000 00000000 0000000f
0722d750 00000000 0000034c 00000000 00000000 00000000 00000000 00000000 00000000 00000000 00000000 00000000 00000010
0244a54f 00000000 000000c4 00000000 00000000 00000000 00000000 00000000 00000000 00000000 00000000 00000000 00000011
090203d3 00000000 0000039c 00000000 00000000 00000000 00000000 00000000 00000000 00000000 00000000 00000000 00000012
02415d73 00000000 000000aa 00000000 00000000 00000000 00000000 00000000 00000000 00000000 00000000 00000000 00000013
07e041b0 00000000 00000394 00000000 00000000 00000000 00000000 00000000 00000000 00000000 00000000 00000001 00000014
06cf8d41 00000000 0000033b 00000000 00000000 00000000 00000000 00000000 00000000 00000000 00000000 00000000 00000015
09170a8d 00000000 0000045f 00000000 00000000 00000000 00000000 00000000 00000000 00000000 00000000 00000000 00000016
0242f329 00000000 000000d6 00000000 00000000 00000000 00000000 00000000 00000000 00000000 00000000 00000000 00000017
082eabaf 00000000 000003a8 00000000 00000000 00000000 00000000 00000000 00000000 00000000 00000000 00000000 00000018
02472cca 00000000 000000ae 00000000 00000000 00000000 00000000 00000000 00000000 00000000 00000000 00000000 00000019
028f1ef4 00000001 000000fb 00000000 00000000 00000000 00000000 00000000 00000000 00000000 00000000 00000000 0000001a
0284812b 00000000 000000ec 00000000 00000000 00000000 00000000 00000000 00000000 00000000 00000000 00000000 0000001b
082f5b1d 00000000 000003be 00000000 00000000 00000000 00000000 00000000 00000000 00000000 00000000 00000000 0000001c
023fe4e3 00000000 000000b6 00000000 00000000 00000000 00000000 00000000 00000000 00000000 00000000 00000000 0000001d
07a89d76 00000000 00000319 00000000 00000000 00000000 00000000 00000000 00000000 00000000 00000000 00000001 0000001e
024607e3 00000000 000000c6 00000000 00000000 00000000 00000000 00000000 00000000 00000000 00000000 00000000 0000001f
