004c23c3 00000000 0000003d 00000000 00000000 00000000 00000000 00000000 00000000 00000000 00000000 00000000 00000000
000b72ad 00000000 00000000 00000000 00000000 00000000 00000000 00000000 00000000 00000000 00000000 00000000 00000001
003cedf0 00000000 00000027 00000000 00000000 00000000 00000000 00000000 00000000 00000000 00000000 00000000 00000002
003bc8e8 00000000 00000028 00000000 00000000 00000000 00000000 00000000 00000000 00000000 00000000 00000000 00000003
0038b274 00000000 00000029 00000000 00000000 00000000 00000000 00000000 00000000 00000000 00000000 00000000 00000004
00585456 00000000 00000022 00000000 00000000 00000000 00000000 00000000 00000000 00000000 00000000 00000000 00000005
0035facf 00000000 0000003e 00000000 00000000 00000000 00000000 00000000 00000000 00000000 00000000 00000000 00000006
003fa15e 00000000 00000024 00000000 00000000 00000000 00000000 00000000 00000000 00000000 00000000 00000000 00000007
0026d3ed 00000000 00000012 00000000 00000000 00000000 00000000 00000000 00000000 00000000 00000000 00000000 00000008
00489779 00000000 0000004e 00000000 00000000 00000000 00000000 00000000 00000000 00000000 00000000 00000000 00000009
00357191 00000000 00000022 00000000 00000000 00000000 00000000 00000000 00000000 00000000 00000000 00000000 0000000a
0039f07e 00000000 00000025 00000000 00000000 00000000 00000000 00000000 00000000 00000000 00000000 00000000 0000000b
004bed52 00000000 0000002a 00000000 00000000 00000000 00000000 00000000 00000000 00000000 00000000 00000000 0000000c
003ea8a3 00000000 00000020 00000000 00000000 00000000 00000000 00000000 00000000 00000000 00000000 00000000 0000000d
004343aa 00000000 0000002f 00000000 00000000 00000000 00000000 00000000 00000000 00000000 00000000 00000000 0000000e
003b2b8c 00000000 00000034 00000000 00000000 00000000 00000000 00000000 00000000 00000000 00000000 00000000 0000000f
004bc194 00000000 00000043 00000000 00000000 00000000 00000000 00000000 00000000 00000000 00000000 00000000 00000010
00321c91 00000000 0000002c 00000000 00000000 00000000 00000000 00000000 00000000 00000000 00000000 00000000 00000011
004844e7 00000000 00000035 00000000 00000000 00000000 00000000 00000000 00000000 00000000 00000000 00000000 00000012
0030969b 00000000 00000035 00000000 00000000 00000000 00000000 00000000 00000000 00000000 00000000 00000000 00000013
0051b6d0 00000000 0000004b 00000000 00000000 00000000 00000000 00000000 00000000 00000000 00000000 00000000 00000014
004ccdb8 00000000 0000001a 00000000 00000000 00000000 00000000 00000000 00000000 00000000 00000000 00000000 00000015
00420ffb 00000000 00000034 00000000 00000000 00000000 00000000 00000000 00000000 00000000 00000000 00000000 00000016
0039e2b9 00000000 00000033 00000000 00000000 00000000 00000000 00000000 00000000 00000000 00000000 00000000 00000017
00335227 00000000 00000014 00000000 00000000 00000000 00000000 00000000 00000000 00000000 00000000 00000000 00000018
0032da12 00000000 00000039 00000000 00000000 00000000 00000000 00000000 00000000 00000000 00000000 00000000 00000019
00365eea 00000000 0000003d 00000000 00000000 00000000 00000000 00000000 00000000 00000000 00000000 00000000 0000001a
005007e1 00000000 00000037 00000000 00000000 00000000 00000000 00000000 00000000 00000000 00000000 00000000 0000001b
0030260e 00000000 0000005f 00000000 00000000 00000000 00000000 00000000 00000000 00000000 00000000 00000000 0000001c
003f3c6e 00000000 00000054 00000000 00000000 00000000 00000000 00000000 00000000 00000000 00000000 00000000 0000001d
004b716c 00000000 0000001d 00000000 00000000 00000000 00000000 00000000 00000000 00000000 00000000 00000000 0000001e
003ca50b 00000000 00000020 00000000 00000000 00000000 00000000 00000000 00000000 00000000 00000000 00000000 0000001f
