           CPU0       CPU1       CPU2       CPU3       CPU4       CPU5       CPU6       CPU7       CPU8       CPU9       CPU10      CPU11      CPU12      CPU13      CPU14      CPU15      CPU16      CPU17      CPU18      CPU19      CPU20      CPU21      CPU22      CPU23      CPU24      CPU25      CPU26      CPU27      CPU28      CPU29      CPU30      CPU31      
  4:          0          0        967          0          0          0          0          0          0          0          0          0          0          0          0         13          0          0          0          0          0          0          0          0          0          0          0          0          0          0          0          0   IO-APIC   4-edge      ttyS0
  8:          0          0          0          0          0          0          0          0          0          0          0          0          0          0          0          0          0          0          0          0          0          0          0          0          0          0          0          0          0          0          0          0   IO-APIC   8-edge      rtc0
  9:          0          0          0          0          0          0          0          0          0          0          0          0          0          0          0          0          0          0          0          0          0          0          0          0          0          0          0          0          0          0          0          0   IO-APIC   9-fasteoi   acpi
 24:          0          0          0       1516          0          0          0          0          0          0          0          0          0          0          0          0          0          0          0          0          0          0          0          0          0          0      10622          0          0          0          0          0  Hyper-V PCIe MSI 8598792994816-edge      mlx4-async@pci:fa42:00:02.0
 25:         31          0          0          0          1          0          0          0          0          0          0          0          0          0          0          0          0          0          0          0          0          0          0          0          0          0          0          0          0          0    6656564          0  Hyper-V PCIe MSI 8598792994817-edge      mlx4-1@fa42:00:02.0
 26:          0         37          0    6498481          0          1          0          0          0          0          0          0          0          0          0          0          0          0          0          0          0          0          0          0          0          0          0          0          0          0          0          0  Hyper-V PCIe MSI 8598792994818-edge      mlx4-2@fa42:00:02.0
 27:          0          0        200          0          0          0          1          0          0          0          0          0          0          0          0          0          0          0          0          0          0    6672786          0          0          0          0          0          0          0          0          0          0  Hyper-V PCIe MSI 8598792994819-edge      mlx4-3@fa42:00:02.0
 28:          0          0          0        286          0          0          0          1          0          0          0          0          0          0    6717813          0          0          0          0          0          0          0          0          0          0          0          0          0          0          0          0          0  Hyper-V PCIe MSI 8598792994820-edge      mlx4-4@fa42:00:02.0
 29:          0          0          0          0        109          0          0          0          1    6522966          0          0          0          0          0          0          0          0          0          0          0          0          0          0          0          0          0          0          0          0          0          0  Hyper-V PCIe MSI 8598792994821-edge      mlx4-5@fa42:00:02.0
 30:          0          0          0          0          0         49          0          0          0          1          0          0          0          0          0          0          0          0          0          0          0          0          0          0          0          0          0          0    5395456          0          0          0  Hyper-V PCIe MSI 8598792994822-edge      mlx4-6@fa42:00:02.0
 31:          0          0          0          0          0          0          7          0          0          0          1          0          0          0          0          0          0          0          0          0          0          0    6477713          0          0          0          0          0          0          0          0          0  Hyper-V PCIe MSI 8598792994823-edge      mlx4-7@fa42:00:02.0
 32:          0          0          0          0          0    6435841          0         25          0          0          0          1          0          0          0          0          0          0          0          0          0          0          0          0          0          0          0          0          0          0          0          0  Hyper-V PCIe MSI 8598792994824-edge      mlx4-8@fa42:00:02.0
 33:          0          0          0          0          0          0          0          0          6          0          0          0    6522355          0          0          0          0          0          0          0          0          0          0          0          0          0          0          0          0          0          0          0  Hyper-V PCIe MSI 8598792994825-edge      mlx4-9@fa42:00:02.0
 34:          0          0          0          0          0          0          0          0          0         40          0          0          0          1          0          0    6573177          0          0          0          0          0          0          0          0          0          0          0          0          0          0          0  Hyper-V PCIe MSI 8598792994826-edge      mlx4-10@fa42:00:02.0
 35:          0          0          0          0          0          0          0          0          0          0        109          0          0          0          1          0          0          0          0          0    7735128          0          0          0          0          0          0          0          0          0          0          0  Hyper-V PCIe MSI 8598792994827-edge      mlx4-11@fa42:00:02.0
 36:          0          0          0          0          0          0          0          0          0          0          0         48          0          0          0          1          0          0          0          0          0          0          0          0    6762327          0          0          0          0          0          0          0  Hyper-V PCIe MSI 8598792994828-edge      mlx4-12@fa42:00:02.0
 37:          0          0          0          0          0          0          0          0          0          0          0    5703208          6          0          0          0          1          0          0          0          0          0          0          0          0          0          0          0          0          0          0          0  Hyper-V PCIe MSI 8598792994829-edge      mlx4-13@fa42:00:02.0
 38:          0    7322967          0          0          0          0          0          0          0          0          0          0          0         22          0          0          0          1          0          0          0          0          0          0          0          0          0          0          0          0          0          0  Hyper-V PCIe MSI 8598792994830-edge      mlx4-14@fa42:00:02.0
 39:          0          0          0          0          0          0          0    5690169          0          0          0          0          0          0         13          0          0          0          1          0          0          0          0          0          0          0          0          0          0          0          0          0  Hyper-V PCIe MSI 8598792994831-edge      mlx4-15@fa42:00:02.0
 40:          0          0          0          0          0          0          0          0          0          0          0          0          0          0          0          2          0          0    7546487          1          0          0          0          0          0          0          0          0          0          0          0          0  Hyper-V PCIe MSI 8598792994832-edge      mlx4-16@fa42:00:02.0
NMI:          0          0          0          0          0          0          0          0          0          0          0          0          0          0          0          0          0          0          0          0          0          0          0          0          0          0          0          0          0          0          0          0   Non-maskable interrupts
LOC:          0          0          0          0          0          0          0          0          0          0          0          0          0          0          0          0          0          0          0          0          0          0          0          0          0          0          0          0          0          0          0          0   Local timer interrupts
SPU:          0          0          0          0          0          0          0          0          0          0          0          0          0          0          0          0          0          0          0          0          0          0          0          0          0          0          0          0          0          0          0          0   Spurious interrupts
PMI:          0          0          0          0          0          0          0          0          0          0          0          0          0          0          0          0          0          0          0          0          0          0          0          0          0          0          0          0          0          0          0          0   Performance monitoring interrupts
IWI:        247        197        216        244        224       1052        214        136        149        155        227        253        197        153       3043        192        183        212        249        241        350        161        558        251        544        338        288        221        288        267        330        244   IRQ work interrupts
RTR:          0          0          0          0          0          0          0          0          0          0          0          0          0          0          0          0          0          0          0          0          0          0          0          0          0          0          0          0          0          0          0          0   APIC ICR read retries
RES:       5852       4156       5427       5066       7124       3561       7879       5284       7495       4362       4928       4029       5838       4494       5234       5513       4694       3700       4913       5791       4587       3474       4297       4737       4590       4684       5681       4103       4484       4568       5062       4974   Rescheduling interrupts
CAL:      95560      63793      86667      46360      93197      48016      85869      51243      94354      52756      87111      42709      74611      53919      64265      71016      75204      53068      73131      71650      57175      52974      57472      53506      72689      56996      90504      65424      60025      51978      66239      64104   Function call interrupts
TLB:          0          0          0          0          0          0          0          0          0          0          0          0          0          0          0          0          0          0          0          0          0          0          0          0          0          0          0          0          0          0          0          0   TLB shootdowns
TRM:          0          0          0          0          0          0          0          0          0          0          0          0          0          0          0          0          0          0          0          0          0          0          0          0          0          0          0          0          0          0          0          0   Thermal event interrupts
THR:          0          0          0          0          0          0          0          0          0          0          0          0          0          0          0          0          0          0          0          0          0          0          0          0          0          0          0          0          0          0          0          0   Threshold APIC interrupts
DFR:          0          0          0          0          0          0          0          0          0          0          0          0          0          0          0          0          0          0          0          0          0          0          0          0          0          0          0          0          0          0          0          0   Deferred Error APIC interrupts
MCE:          0          0          0          0          0          0          0          0          0          0          0          0          0          0          0          0          0          0          0          0          0          0          0          0          0          0          0          0          0          0          0          0   Machine check exceptions
MCP:          3          3          3          3          3          3          3          3          3          3          3          3          3          3          3          3          3          3          3          3          3          3          3          3          3          3          3          3          3          3          3          3   Machine check polls
HYP:       5127      13520          5      11418      10574          0      10085       8293          0      13429          0       9291      18424          0          4         17         11        452        633        662        947        438        385       1149        452        548        606        497        940        512        429        489   Hypervisor callback interrupts
HRE:          0          0          0          0          0          0          0          0          0          0          0          0          0          0          0          0          0          0          0          0          0          0          0          0          0          0          0          0          0          0          0          0   Hyper-V reenlightenment interrupts
HVS:     473120     303050     432479     308902     463256     291515     453300     285004     457493     286481     428440     317003     346149     443805     312284     463254     321717     448244     311881     450015     380711     393126     286948     453772     311069     463945     349173     321176     309660     416445     329846     418719   Hyper-V stimer0 interrupts
ERR:          0
MIS:          0
PIN:          0          0          0          0          0          0          0          0          0          0          0          0          0          0          0          0          0          0          0          0          0          0          0          0          0          0          0          0          0          0          0          0   Posted-interrupt notification event
NPI:          0          0          0          0          0          0          0          0          0          0          0          0          0          0          0          0          0          0          0          0          0          0          0          0          0          0          0          0          0          0          0          0   Nested posted-interrupt event
PIW:          0          0          0          0          0          0          0          0          0          0          0          0          0          0          0          0          0          0          0          0          0          0          0          0          0          0          0          0          0          0          0          0   Posted-interrupt wakeup event
