007db642 00000000 0000008a 00000000 00000000 00000000 00000000 00000000 00000000 00000000 00000000 00000000 00000000
021db7d6 00000000 0000039d 00000000 00000000 00000000 00000000 00000000 00000000 00000000 00000000 00000000 00000001
007dec59 00000000 0000008f 00000000 00000000 00000000 00000000 00000000 00000000 00000000 00000000 00000000 00000002
0191f832 00000000 0000022b 00000000 00000000 00000000 00000000 00000000 00000000 00000000 00000000 00000000 00000003
007ec13d 00000000 000000a3 00000000 00000000 00000000 00000000 00000000 00000000 00000000 00000000 00000000 00000004
01dede96 00000000 0000034f 00000000 00000000 00000000 00000000 00000000 00000000 00000000 00000000 00000000 00000005
007de7a1 00000000 0000008b 00000000 00000000 00000000 00000000 00000000 00000000 00000000 00000000 00000000 00000006
020c4c6f 00000000 00000369 00000000 00000000 00000000 00000000 00000000 00000000 00000000 00000000 00000000 00000007
007db38a 00000000 00000088 00000000 00000000 00000000 00000000 00000000 00000000 00000000 00000000 00000000 00000008
01f73dd0 00000000 0000030b 00000000 00000000 00000000 00000000 00000000 00000000 00000000 00000000 00000000 00000009
007e4c6e 00000000 0000009c 00000000 00000000 00000000 00000000 00000000 00000000 00000000 00000000 00000000 0000000a
01bff148 00000000 000002a0 00000000 00000000 00000000 00000000 00000000 00000000 00000000 00000000 00000000 0000000b
01e4dda1 00000000 000002d2 00000000 00000000 00000000 00000000 00000000 00000000 00000000 00000000 00000000 0000000c
007d036f 00000000 00000084 00000000 00000000 00000000 00000000 00000000 00000000 00000000 00000000 00000000 0000000d
023a2952 00000000 0000034e 00000000 00000000 00000000 00000000 00000000 00000000 00000000 00000000 00000000 0000000e
007b3c9a 00000000 00000086 00000000 00000000 00000000 00000000 00000000 00000000 00000000 00000000 00000000 0000000f
01c104a6 00000000 000002b0 00000000 00000000 00000000 00000000 00000000 00000000 00000000 00000000 00000000 00000010
007c3c1b 00000000 00000092 00000000 00000000 00000000 00000000 00000000 00000000 00000000 00000000 00000000 00000011
01cf7b7c 00000000 000002f4 00000000 00000000 00000000 00000000 00000000 00000000 00000000 00000000 00000000 00000012
007a6ce4 00000000 00000085 00000000 00000000 00000000 00000000 00000000 00000000 00000000 00000000 00000000 00000013
01ad8020 00000000 000002c3 00000000 00000000 00000000 00000000 00000000 00000000 00000000 00000000 00000000 00000014
01a14ff4 00000000 00000299 00000000 00000000 00000000 00000000 00000000 00000000 00000000 00000000 00000000 00000015
0222a0cc 00000000 000003d9 00000000 00000000 00000000 00000000 00000000 00000000 00000000 00000000 00000000 00000016
0079a2cb 00000000 000000a0 00000000 00000000 00000000 00000000 00000000 00000000 00000000 00000000 00000000 00000017
01e71fb0 00000000 0000032e 00000000 00000000 00000000 00000000 00000000 00000000 00000000 00000000 00000000 00000018
007d61de 00000000 00000089 00000000 00000000 00000000 00000000 00000000 00000000 00000000 00000000 00000000 00000019
008956b4 00000000 000000aa 00000000 00000000 00000000 00000000 00000000 00000000 00000000 00000000 00000000 0000001a
0086a886 00000000 000000a8 00000000 00000000 00000000 00000000 00000000 00000000 00000000 00000000 00000000 0000001b
01fc7f55 00000000 000002f7 00000000 00000000 00000000 00000000 00000000 00000000 00000000 00000000 00000000 0000001c
007b21b5 00000000 00000087 00000000 00000000 00000000 00000000 00000000 00000000 00000000 00000000 00000000 0000001d
01da7de3 00000000 0000029b 00000000 00000000 00000000 00000000 00000000 00000000 00000000 00000000 00000000 0000001e
007c093a 00000000 0000009a 00000000 00000000 00000000 00000000 00000000 00000000 00000000 00000000 00000000 0000001f
