0059a1ea 00000000 0000002e 00000000 00000000 00000000 00000000 00000000 00000000 00000000 00000000 00000000 00000000
00cc8c20 00000000 00000160 00000000 00000000 00000000 00000000 00000000 00000000 00000000 00000000 00000000 00000001
0059303e 00000000 00000030 00000000 00000000 00000000 00000000 00000000 00000000 00000000 00000000 00000000 00000002
00a8dede 00000000 0000009c 00000000 00000000 00000000 00000000 00000000 00000000 00000000 00000000 00000000 00000003
0059e4f3 00000000 00000035 00000000 00000000 00000000 00000000 00000000 00000000 00000000 00000000 00000000 00000004
00c9c188 00000000 00000165 00000000 00000000 00000000 00000000 00000000 00000000 00000000 00000000 00000000 00000005
005973ba 00000000 0000002c 00000000 00000000 00000000 00000000 00000000 00000000 00000000 00000000 00000000 00000006
00ce4b74 00000000 00000138 00000000 00000000 00000000 00000000 00000000 00000000 00000000 00000000 00000000 00000007
0059af1d 00000000 0000002d 00000000 00000000 00000000 00000000 00000000 00000000 00000000 00000000 00000000 00000008
00c9991b 00000000 000000f4 00000000 00000000 00000000 00000000 00000000 00000000 00000000 00000000 00000000 00000009
0059cf44 00000000 00000032 00000000 00000000 00000000 00000000 00000000 00000000 00000000 00000000 00000000 0000000a
00b6181c 00000000 000000ca 00000000 00000000 00000000 00000000 00000000 00000000 00000000 00000000 00000000 0000000b
00afb3c4 00000000 000000ba 00000000 00000000 00000000 00000000 00000000 00000000 00000000 00000000 00000000 0000000c
005a5d9d 00000000 00000025 00000000 00000000 00000000 00000000 00000000 00000000 00000000 00000000 00000000 0000000d
00b8ef6e 00000000 00000100 00000000 00000000 00000000 00000000 00000000 00000000 00000000 00000000 00000000 0000000e
0058df3c 00000000 00000029 00000000 00000000 00000000 00000000 00000000 00000000 00000000 00000000 00000000 0000000f
00bb0f19 00000000 000000eb 00000000 00000000 00000000 00000000 00000000 00000000 00000000 00000000 00000000 00000010
0059efdb 00000000 0000002d 00000000 00000000 00000000 00000000 00000000 00000000 00000000 00000000 00000000 00000011
00b1bce5 00000000 000000f3 00000000 00000000 00000000 00000000 00000000 00000000 00000000 00000000 00000000 00000012
00582337 00000000 00000029 00000000 00000000 00000000 00000000 00000000 00000000 00000000 00000000 00000000 00000013
00b6d0ef 00000000 000000e3 00000000 00000000 00000000 00000000 00000000 00000000 00000000 00000000 00000000 00000014
00b26245 00000000 000000f6 00000000 00000000 00000000 00000000 00000000 00000000 00000000 00000000 00000000 00000015
00d6bc28 00000000 0000018e 00000000 00000000 00000000 00000000 00000000 00000000 00000000 00000000 00000000 00000016
005790cf 00000000 00000036 00000000 00000000 00000000 00000000 00000000 00000000 00000000 00000000 00000000 00000017
00cc89e2 00000000 00000149 00000000 00000000 00000000 00000000 00000000 00000000 00000000 00000000 00000000 00000018
005af90e 00000000 0000002e 00000000 00000000 00000000 00000000 00000000 00000000 00000000 00000000 00000000 00000019
006184b5 00000000 00000049 00000000 00000000 00000000 00000000 00000000 00000000 00000000 00000000 00000000 0000001a
00622db2 00000000 00000043 00000000 00000000 00000000 00000000 00000000 00000000 00000000 00000000 00000000 0000001b
00b8f162 00000000 000000db 00000000 00000000 00000000 00000000 00000000 00000000 00000000 00000000 00000000 0000001c
0058ed68 00000000 0000002e 00000000 00000000 00000000 00000000 00000000 00000000 00000000 00000000 00000000 0000001d
009e848b 00000000 00000082 00000000 00000000 00000000 00000000 00000000 00000000 00000000 00000000 00000000 0000001e
0059a830 00000000 0000002f 00000000 00000000 00000000 00000000 00000000 00000000 00000000 00000000 00000000 0000001f
