           CPU0       CPU1       CPU2       CPU3       CPU4       CPU5       CPU6       CPU7       CPU8       CPU9       CPU10      CPU11      CPU12      CPU13      CPU14      CPU15      CPU16      CPU17      CPU18      CPU19      CPU20      CPU21      CPU22      CPU23      CPU24      CPU25      CPU26      CPU27      CPU28      CPU29      CPU30      CPU31      
  4:          0          0        806          0          0          0          0          0          0          0          0          0          0          0          0          0          0          0          0          0          0          0          0          0          0          0          0          0          0          0          0         13   IO-APIC   4-edge      ttyS0
  8:          0          0          0          0          0          0          0          0          0          0          0          0          0          0          0          0          0          0          0          0          0          0          0          0          0          0          0          0          0          0          0          0   IO-APIC   8-edge      rtc0
  9:          0          0          0          0          0          0          0          0          0          0          0          0          0          0          0          0          0          0          0          0          0          0          0          0          0          0          0          0          0          0          0          0   IO-APIC   9-fasteoi   acpi
 24:          0    7591842          0       2321          0          0          0          0          0          0          0          0          0          0          0          0          0          0          0          0          0          0          0          0          0          0          0          0          0          0          0          0  Hyper-V PCIe MSI 7119310979072-edge      mlx5_async0@pci:cf33:00:02.0
 25:   27422414          0          0          0          1          0          0          0          0          0          0          0          0          0          0          0          0          0          0          0          0          0          0          0          0          0          0          0          0          0          0          0  Hyper-V PCIe MSI 7119310979073-edge      mlx5_comp0@pci:cf33:00:02.0
 26:          0         30          0          0          0          1          0          0          0          0          0          0          0          0          0          0          0          0          0          0   25523667          0          0          0          0          0          0          0          0          0          0          0  Hyper-V PCIe MSI 7119310979074-edge      mlx5_comp1@pci:cf33:00:02.0
 27:          0          0        230          0          0          0          1          0          0          0          0          0          0          0          0          0          0          0          0          0          0   26959524          0          0          0          0          0          0          0          0          0          0  Hyper-V PCIe MSI 7119310979075-edge      mlx5_comp2@pci:cf33:00:02.0
 28:          0          0          0         32          0          0   25205915          1          0          0          0          0          0          0          0          0          0          0          0          0          0          0          0          0          0          0          0          0          0          0          0          0  Hyper-V PCIe MSI 7119310979076-edge      mlx5_comp3@pci:cf33:00:02.0
 29:          0          0          0          0         19          0          0   29451740          1          0          0          0          0          0          0          0          0          0          0          0          0          0          0          0          0          0          0          0          0          0          0          0  Hyper-V PCIe MSI 7119310979077-edge      mlx5_comp4@pci:cf33:00:02.0
 30:          0          0          0          0          0   24437424          0          0          0          1          0          0          0          0          0          0          0          0          0          0          0          0          0          0          0          0          0          0          0          0          0          0  Hyper-V PCIe MSI 7119310979078-edge      mlx5_comp5@pci:cf33:00:02.0
 31:          0          0          0          0   28078420          0          3          0          0          0          1          0          0          0          0          0          0          0          0          0          0          0          0          0          0          0          0          0          0          0          0          0  Hyper-V PCIe MSI 7119310979079-edge      mlx5_comp6@pci:cf33:00:02.0
 32:          0          0          0   30207275          0          0          0        179          0          0          0          1          0          0          0          0          0          0          0          0          0          0          0          0          0          0          0          0          0          0          0          0  Hyper-V PCIe MSI 7119310979080-edge      mlx5_comp7@pci:cf33:00:02.0
 33:          0          0   29312713          0          0          0          0          0         10          0          0          0          1          0          0          0          0          0          0          0          0          0          0          0          0          0          0          0          0          0          0          0  Hyper-V PCIe MSI 7119310979081-edge      mlx5_comp8@pci:cf33:00:02.0
 34:          0          0          0          0          0          0          0          0          0         13          0          0          0          1          0          0          0          0          0          0          0          0   24955485          0          0          0          0          0          0          0          0          0  Hyper-V PCIe MSI 7119310979082-edge      mlx5_comp9@pci:cf33:00:02.0
 35:          0          0          0          0          0          0          0          0          0          0          3          0          0          0          1          0          0          0          0          0          0          0          0   28469755          0          0          0          0          0          0          0          0  Hyper-V PCIe MSI 7119310979083-edge      mlx5_comp10@pci:cf33:00:02.0
 36:          0          0          0          0          0          0          0          0          0          0   26349941         13          0          0          0          1          0          0          0          0          0          0          0          0          0          0          0          0          0          0          0          0  Hyper-V PCIe MSI 7119310979084-edge      mlx5_comp11@pci:cf33:00:02.0
 37:          0          0          0          0          0          0          0          0          0          0          0   25164835          4          0          0          0          1          0          0          0          0          0          0          0          0          0          0          0          0          0          0          0  Hyper-V PCIe MSI 7119310979085-edge      mlx5_comp12@pci:cf33:00:02.0
 38:          0          0          0          0          0          0          0          0          0          0          0          0          0          3          0          0          0          1          0          0          0          0          0          0          0          0          0          0          0   29698531          0          0  Hyper-V PCIe MSI 7119310979086-edge      mlx5_comp13@pci:cf33:00:02.0
 39:          0          0          0          0          0          0          0          0          0          0          0          0          0          0         11          0          0          0          1          0          0          0          0          0          0          0          0          0   26966670          0          0          0  Hyper-V PCIe MSI 7119310979087-edge      mlx5_comp14@pci:cf33:00:02.0
 40:          0          0          0          0          0          0          0          0          0          0          0          0          0          0          0         39          0          0          0          1          0          0          0          0          0          0   24507437          0          0          0          0          0  Hyper-V PCIe MSI 7119310979088-edge      mlx5_comp15@pci:cf33:00:02.0
 41:          0          0          0          0          0          0          0          0          0          0          0          0          0          0          0          0          3          0          0          0          1          0          0          0          0          0          0   26918726          0          0          0          0  Hyper-V PCIe MSI 7119310979089-edge      mlx5_comp16@pci:cf33:00:02.0
 42:          0          0          0          0          0          0          0          0          0          0          0          0          0          0          0          0          0          8          0          0          0          1          0          0   25321771          0          0          0          0          0          0          0  Hyper-V PCIe MSI 7119310979090-edge      mlx5_comp17@pci:cf33:00:02.0
 43:          0          0          0          0          0          0          0          0          0          0          0          0          0          0          0          0          0          0         11          0          0          0          1          0          0   26880390          0          0          0          0          0          0  Hyper-V PCIe MSI 7119310979091-edge      mlx5_comp18@pci:cf33:00:02.0
 44:          0          0          0          0          0          0          0          0          0          0          0          0   28003966          0          0          0          0          0          0         37          0          0          0          1          0          0          0          0          0          0          0          0  Hyper-V PCIe MSI 7119310979092-edge      mlx5_comp19@pci:cf33:00:02.0
 45:          0          0          0          0          0          0          0          0          0          0          0          0          0   25303457          0          0          0          0          0          0        550          0          0          0          1          0          0          0          0          0          0          0  Hyper-V PCIe MSI 7119310979093-edge      mlx5_comp20@pci:cf33:00:02.0
 46:          0          0          0          0          0          0          0          0   27679749          0          0          0          0          0          0          0          0          0          0          0          0         17          0          0          0          1          0          0          0          0          0          0  Hyper-V PCIe MSI 7119310979094-edge      mlx5_comp21@pci:cf33:00:02.0
 47:          0          0          0          0          0          0          0          0          0   27164399          0          0          0          0          0          0          0          0          0          0          0          0          8          0          0          0          1          0          0          0          0          0  Hyper-V PCIe MSI 7119310979095-edge      mlx5_comp22@pci:cf33:00:02.0
 48:          0          0          0          0          0          0          0          0          0          0          0          0          0          0          0          0          0          0          0   26454063          0          0          0         34          0          0          0          1          0          0          0          0  Hyper-V PCIe MSI 7119310979096-edge      mlx5_comp23@pci:cf33:00:02.0
 49:          0          0          0          0          0          0          0          0          0          0          0          0          0          0          0          0          0          0   26231888          0          0          0          0          0         17          0          0          0          1          0          0          0  Hyper-V PCIe MSI 7119310979097-edge      mlx5_comp24@pci:cf33:00:02.0
 50:          0          0          0          0          0          0          0          0          0          0          0          0          0          0          0          0   26431448          0          0          0          0          0          0          0          0         31          0          0          0          1          0          0  Hyper-V PCIe MSI 7119310979098-edge      mlx5_comp25@pci:cf33:00:02.0
 51:          0          0          0          0          0          0          0          0          0          0          0          0          0          0          0          0          0   27092184          0          0          0          0          0          0          0          0         41          0          0          0          1          0  Hyper-V PCIe MSI 7119310979099-edge      mlx5_comp26@pci:cf33:00:02.0
 52:          0          0          0          0          0          0          0          0          0          0          0          0          0          0   27451029          0          0          0          0          0          0          0          0          0          0          0          0         42          0          0          0          1  Hyper-V PCIe MSI 7119310979100-edge      mlx5_comp27@pci:cf33:00:02.0
 53:          1          0          0          0          0          0          0          0          0          0          0          0          0          0          0   25084114          0          0          0          0          0          0          0          0          0          0          0          0         16          0          0          0  Hyper-V PCIe MSI 7119310979101-edge      mlx5_comp28@pci:cf33:00:02.0
 54:          0          1          0          0          0          0          0          0          0          0          0          0          0          0          0          0          0          0          0          0          0          0          0          0          0          0          0          0          0         15   25473682          0  Hyper-V PCIe MSI 7119310979102-edge      mlx5_comp29@pci:cf33:00:02.0
 55:          0          0          1          0          0          0          0          0          0          0          0          0          0          0          0          0          0          0          0          0          0          0          0          0          0          0          0          0          0          0         28   26287928  Hyper-V PCIe MSI 7119310979103-edge      mlx5_comp30@pci:cf33:00:02.0
NMI:          0          0          0          0          0          0          0          0          0          0          0          0          0          0          0          0          0          0          0          0          0          0          0          0          0          0          0          0          0          0          0          0   Non-maskable interrupts
LOC:          0          0          0          0          0          0          0          0          0          0          0          0          0          0          0          0          0          0          0          0          0          0          0          0          0          0          0          0          0          0          0          0   Local timer interrupts
SPU:          0          0          0          0          0          0          0          0          0          0          0          0          0          0          0          0          0          0          0          0          0          0          0          0          0          0          0          0          0          0          0          0   Spurious interrupts
PMI:          0          0          0          0          0          0          0          0          0          0          0          0          0          0          0          0          0          0          0          0          0          0          0          0          0          0          0          0          0          0          0          0   Performance monitoring interrupts
IWI:       2090       1342       1668       1222       1607        974       1735       1274       1680       1271       1853       1140       1943       1332       1627       1196       1783       1330       2121       1517       2313       1528       2219       1604       2317       1447       2173       1503       2125       1561       1895       1357   IRQ work interrupts
RTR:          0          0          0          0          0          0          0          0          0          0          0          0          0          0          0          0          0          0          0          0          0          0          0          0          0          0          0          0          0          0          0          0   APIC ICR read retries
RES:     502470      31626     524862     578252     510639     465646     492476     573023     629735     557078     528767     468222     597089     516730     510446     467049     523688     493291     562659     511773     435430     488738     447230     556508     529822     496701     529463     527976     572505     535797     491871     510753   Rescheduling interrupts
CAL:    2992305    2536353    2808706    2308020    2193699    1719304    2552657    2253820    2656069    2094336    2214345    1830541    2431972    1862586    2203798    1808284    2185247    1738330    2125614    1646750    1970203    1646006    2589838    2116115    2088954    1701553    2453722    1926166    2423599    1971758    2095837    1668320   Function call interrupts
TLB:          0          0          0          0          0          0          0          0          0          0          0          0          0          0          0          0          0          0          0          0          0          0          0          0          0          0          0          0          0          0          0          0   TLB shootdowns
TRM:          0          0          0          0          0          0          0          0          0          0          0          0          0          0          0          0          0          0          0          0          0          0          0          0          0          0          0          0          0          0          0          0   Thermal event interrupts
THR:          0          0          0          0          0          0          0          0          0          0          0          0          0          0          0          0          0          0          0          0          0          0          0          0          0          0          0          0          0          0          0          0   Threshold APIC interrupts
DFR:          0          0          0          0          0          0          0          0          0          0          0          0          0          0          0          0          0          0          0          0          0          0          0          0          0          0          0          0          0          0          0          0   Deferred Error APIC interrupts
MCE:          0          0          0          0          0          0          0          0          0          0          0          0          0          0          0          0          0          0          0          0          0          0          0          0          0          0          0          0          0          0          0          0   Machine check exceptions
MCP:         12         12         12         12         12         12         12         12         12         12         12         12         12         12         12         12         12         12         12         12         12         12         12         12         12         12         12         12         12         12         12         12   Machine check polls
HYP:      20948      32756         29      30326          8          0      35086          0          0      39011          0          0      29183          0      22441      23539      19918       3064       2515       2452       2502       2271       2331       2043       1583       1930       2408       1808       2484       2572       2340       2324   Hypervisor callback interrupts
HRE:          0          0          0          0          0          0          0          0          0          0          0          0          0          0          0          0          0          0          0          0          0          0          0          0          0          0          0          0          0          0          0          0   Hyper-V reenlightenment interrupts
HVS:    3018791    3162169    3247481    2989039    2487494    2590037    3336073    3033063    3217818    2997217    3209131    3102812    2497595    2438298    2523957    2520064    2658074    2471427    2479989    2326521    2468597    2272107    2874658    2592350    2495631    2390994    3304587    2903390    2730334    2539390    2422833    2188056   Hyper-V stimer0 interrupts
ERR:          0
MIS:          0
PIN:          0          0          0          0          0          0          0          0          0          0          0          0          0          0          0          0          0          0          0          0          0          0          0          0          0          0          0          0          0          0          0          0   Posted-interrupt notification event
NPI:          0          0          0          0          0          0          0          0          0          0          0          0          0          0          0          0          0          0          0          0          0          0          0          0          0          0          0          0          0          0          0          0   Nested posted-interrupt event
PIW:          0          0          0          0          0          0          0          0          0          0          0          0          0          0          0          0          0          0          0          0          0          0          0          0          0          0          0          0          0          0          0          0   Posted-interrupt wakeup event
