08908765 00000000 00000015 00000000 00000000 00000000 00000000 00000000 00000000 00000000 00000000 00000000 00000000
04713b66 00000000 00000009 00000000 00000000 00000000 00000000 00000000 00000000 00000000 00000000 00000000 00000001
08113e1e 00000000 00000011 00000000 00000000 00000000 00000000 00000000 00000000 00000000 00000000 00000000 00000002
097ed325 00000000 00000019 00000000 00000000 00000000 00000000 00000000 00000000 00000000 00000000 00000000 00000003
0669d818 00000000 0000001b 00000000 00000000 00000000 00000000 00000000 00000000 00000000 00000000 00000000 00000004
073c5fb3 00000000 00000020 00000000 00000000 00000000 00000000 00000000 00000000 00000000 00000000 00000000 00000005
09729a53 00000000 00000021 00000000 00000000 00000000 00000000 00000000 00000000 00000000 00000000 00000000 00000006
08250b2f 00000000 00000022 00000000 00000000 00000000 00000000 00000000 00000000 00000000 00000000 00000000 00000007
082acdd7 00000000 00000016 00000000 00000000 00000000 00000000 00000000 00000000 00000000 00000000 00000000 00000008
0909b209 00000000 00000022 00000000 00000000 00000000 00000000 00000000 00000000 00000000 00000000 00000000 00000009
07c314dc 00000000 00000026 00000000 00000000 00000000 00000000 00000000 00000000 00000000 00000000 00000000 0000000a
099d2655 00000000 00000040 00000000 00000000 00000000 00000000 00000000 00000000 00000000 00000000 00000000 0000000b
06b4b32b 00000000 0000002b 00000000 00000000 00000000 00000000 00000000 00000000 00000000 00000000 00000000 0000000c
07a372f5 00000000 00000031 00000000 00000000 00000000 00000000 00000000 00000000 00000000 00000000 00000000 0000000d
07b96e0b 00000000 00000052 00000000 00000000 00000000 00000000 00000000 00000000 00000000 00000000 00000000 0000000e
07b3551c 00000000 0000004f 00000000 00000000 00000000 00000000 00000000 00000000 00000000 00000000 00000000 0000000f
0658a038 00000000 00000025 00000000 00000000 00000000 00000000 00000000 00000000 00000000 00000000 00000000 00000010
06c9c0ba 00000000 00000031 00000000 00000000 00000000 00000000 00000000 00000000 00000000 00000000 00000000 00000011
069f3bfe 00000001 00000034 00000000 00000000 00000000 00000000 00000000 00000000 00000000 00000000 00000000 00000012
07cd902d 00000000 00000041 00000000 00000000 00000000 00000000 00000000 00000000 00000000 00000000 00000000 00000013
07855154 00000000 00000053 00000000 00000000 00000000 00000000 00000000 00000000 00000000 00000000 00000000 00000014
0732cc79 00000000 0000004e 00000000 00000000 00000000 00000000 00000000 00000000 00000000 00000000 00000000 00000015
081d76f7 00000000 0000003a 00000000 00000000 00000000 00000000 00000000 00000000 00000000 00000000 00000000 00000016
06876ee6 00000000 0000003e 00000000 00000000 00000000 00000000 00000000 00000000 00000000 00000000 00000000 00000017
074bb230 00000000 00000044 00000000 00000000 00000000 00000000 00000000 00000000 00000000 00000000 00000000 00000018
069feca0 00000000 00000041 00000000 00000000 00000000 00000000 00000000 00000000 00000000 00000000 00000000 00000019
083d7fec 00000000 00000046 00000000 00000000 00000000 00000000 00000000 00000000 00000000 00000000 00000000 0000001a
0886eb20 00000000 00000042 00000000 00000000 00000000 00000000 00000000 00000000 00000000 00000000 00000000 0000001b
0876684b 00000000 00000061 00000000 00000000 00000000 00000000 00000000 00000000 00000000 00000000 00000000 0000001c
07b7c6e8 00000000 0000004f 00000000 00000000 00000000 00000000 00000000 00000000 00000000 00000000 00000000 0000001d
08d2dffa 00000000 00000043 00000000 00000000 00000000 00000000 00000000 00000000 00000000 00000000 00000000 0000001e
07a4b58b 00000000 0000003c 00000000 00000000 00000000 00000000 00000000 00000000 00000000 00000000 00000000 0000001f
