08dfbdbf 00000000 00000015 00000000 00000000 00000000 00000000 00000000 00000000 00000000 00000000 00000000 00000000
04803c95 00000000 00000009 00000000 00000000 00000000 00000000 00000000 00000000 00000000 00000000 00000000 00000001
08314573 00000000 00000011 00000000 00000000 00000000 00000000 00000000 00000000 00000000 00000000 00000001 00000002
09dea5eb 00000000 00000019 00000000 00000000 00000000 00000000 00000000 00000000 00000000 00000000 00000000 00000003
06fd5bec 00000000 0000001b 00000000 00000000 00000000 00000000 00000000 00000000 00000000 00000000 00000000 00000004
07a83a89 00000000 00000020 00000000 00000000 00000000 00000000 00000000 00000000 00000000 00000000 00000000 00000005
0a1a3eae 00000000 00000022 00000000 00000000 00000000 00000000 00000000 00000000 00000000 00000000 00000001 00000006
08960333 00000000 00000023 00000000 00000000 00000000 00000000 00000000 00000000 00000000 00000000 00000000 00000007
0863beea 00000000 00000016 00000000 00000000 00000000 00000000 00000000 00000000 00000000 00000000 00000000 00000008
09674a67 00000000 00000023 00000000 00000000 00000000 00000000 00000000 00000000 00000000 00000000 00000000 00000009
07d48a77 00000000 00000027 00000000 00000000 00000000 00000000 00000000 00000000 00000000 00000000 00000000 0000000a
09d847d3 00000000 00000041 00000000 00000000 00000000 00000000 00000000 00000000 00000000 00000000 00000000 0000000b
06ce5f87 00000000 0000002b 00000000 00000000 00000000 00000000 00000000 00000000 00000000 00000000 00000000 0000000c
08525b7a 00000000 00000032 00000000 00000000 00000000 00000000 00000000 00000000 00000000 00000000 00000000 0000000d
07d4c5f8 00000000 00000052 00000000 00000000 00000000 00000000 00000000 00000000 00000000 00000000 00000000 0000000e
083a100b 00000000 0000004f 00000000 00000000 00000000 00000000 00000000 00000000 00000000 00000000 00000000 0000000f
066c0793 00000000 00000026 00000000 00000000 00000000 00000000 00000000 00000000 00000000 00000000 00000000 00000010
0766ee2f 00000000 00000033 00000000 00000000 00000000 00000000 00000000 00000000 00000000 00000000 00000000 00000011
07bb7e6b 00000001 00000036 00000000 00000000 00000000 00000000 00000000 00000000 00000000 00000000 00000000 00000012
085aecf1 00000000 00000042 00000000 00000000 00000000 00000000 00000000 00000000 00000000 00000000 00000000 00000013
0836102f 00000000 00000055 00000000 00000000 00000000 00000000 00000000 00000000 00000000 00000000 00000000 00000014
07d0ef10 00000000 00000051 00000000 00000000 00000000 00000000 00000000 00000000 00000000 00000000 00000000 00000015
08f025b5 00000000 0000003a 00000000 00000000 00000000 00000000 00000000 00000000 00000000 00000000 00000000 00000016
075e0a6e 00000000 0000003e 00000000 00000000 00000000 00000000 00000000 00000000 00000000 00000000 00000000 00000017
075e839d 00000000 00000044 00000000 00000000 00000000 00000000 00000000 00000000 00000000 00000000 00000000 00000018
07d26556 00000000 00000044 00000000 00000000 00000000 00000000 00000000 00000000 00000000 00000000 00000000 00000019
09aa13eb 00000000 0000004a 00000000 00000000 00000000 00000000 00000000 00000000 00000000 00000000 00000000 0000001a
089ffe84 00000000 00000043 00000000 00000000 00000000 00000000 00000000 00000000 00000000 00000000 00000000 0000001b
08a8f20f 00000000 00000062 00000000 00000000 00000000 00000000 00000000 00000000 00000000 00000000 00000000 0000001c
080ea30c 00000000 00000051 00000000 00000000 00000000 00000000 00000000 00000000 00000000 00000000 00000000 0000001d
0905c5f7 00000000 00000045 00000000 00000000 00000000 00000000 00000000 00000000 00000000 00000000 00000000 0000001e
08131190 00000000 0000003d 00000000 00000000 00000000 00000000 00000000 00000000 00000000 00000000 00000000 0000001f
