02413ae4 00000000 00000003 00000000 00000000 00000000 00000000 00000000 00000000 00000000 00000000 00000000 00000000
004a7c84 00000000 00000001 00000000 00000000 00000000 00000000 00000000 00000000 00000000 00000000 00000000 00000001
02216b14 00000000 00000002 00000000 00000000 00000000 00000000 00000000 00000000 00000000 00000000 00000000 00000002
0237410a 00000000 00000002 00000000 00000000 00000000 00000000 00000000 00000000 00000000 00000000 00000000 00000003
0295c9c2 00000000 00000005 00000000 00000000 00000000 00000000 00000000 00000000 00000000 00000000 00000001 00000004
026b6f25 00000000 00000004 00000000 00000000 00000000 00000000 00000000 00000000 00000000 00000000 00000000 00000005
01f7a2f2 00000000 00000004 00000000 00000000 00000000 00000000 00000000 00000000 00000000 00000000 00000000 00000006
0247f669 00000000 00000001 00000000 00000000 00000000 00000000 00000000 00000000 00000000 00000000 00000000 00000007
022f3858 00000000 00000003 00000000 00000000 00000000 00000000 00000000 00000000 00000000 00000000 00000000 00000008
02f1b011 00000000 00000006 00000000 00000000 00000000 00000000 00000000 00000000 00000000 00000000 00000000 00000009
019cd618 00000000 00000005 00000000 00000000 00000000 00000000 00000000 00000000 00000000 00000000 00000000 0000000a
02643694 00000000 00000003 00000000 00000000 00000000 00000000 00000000 00000000 00000000 00000000 00000003 0000000b
0149955c 00000000 00000003 00000000 00000000 00000000 00000000 00000000 00000000 00000000 00000000 0000000e 0000000c
02564f4e 00000000 00000003 00000000 00000000 00000000 00000000 00000000 00000000 00000000 00000000 00000000 0000000d
021ff177 00000000 00000004 00000000 00000000 00000000 00000000 00000000 00000000 00000000 00000000 00000000 0000000e
01b679a6 00000000 00000005 00000000 00000000 00000000 00000000 00000000 00000000 00000000 00000000 00000000 0000000f
026664e0 00000000 00000000 00000000 00000000 00000000 00000000 00000000 00000000 00000000 00000000 00000000 00000010
02025bb5 00000000 00000000 00000000 00000000 00000000 00000000 00000000 00000000 00000000 00000000 00000000 00000011
025b0be0 00000000 00000003 00000000 00000000 00000000 00000000 00000000 00000000 00000000 00000000 00000000 00000012
0232c2ef 00000000 00000002 00000000 00000000 00000000 00000000 00000000 00000000 00000000 00000000 00000000 00000013
01b18919 00000000 00000001 00000000 00000000 00000000 00000000 00000000 00000000 00000000 00000000 00000000 00000014
02574ce6 00000000 00000001 00000000 00000000 00000000 00000000 00000000 00000000 00000000 00000000 00000000 00000015
02a3e2ba 00000000 00000009 00000000 00000000 00000000 00000000 00000000 00000000 00000000 00000000 00000000 00000016
0140bb85 00000000 00000006 00000000 00000000 00000000 00000000 00000000 00000000 00000000 00000000 00000000 00000017
02b46b27 00000000 00000001 00000000 00000000 00000000 00000000 00000000 00000000 00000000 00000000 00000000 00000018
01ddf85b 00000000 00000002 00000000 00000000 00000000 00000000 00000000 00000000 00000000 00000000 00000000 00000019
018274a1 00000000 00000003 00000000 00000000 00000000 00000000 00000000 00000000 00000000 00000000 00000000 0000001a
024038d7 00000000 00000002 00000000 00000000 00000000 00000000 00000000 00000000 00000000 00000000 00000000 0000001b
01e76089 00000000 00000004 00000000 00000000 00000000 00000000 00000000 00000000 00000000 00000000 00000000 0000001c
01920c38 00000000 00000004 00000000 00000000 00000000 00000000 00000000 00000000 00000000 00000000 00000008 0000001d
0174b9ae 00000000 00000005 00000000 00000000 00000000 00000000 00000000 00000000 00000000 00000000 00000000 0000001e
01dbba47 00000000 00000004 00000000 00000000 00000000 00000000 00000000 00000000 00000000 00000000 00000001 0000001f
