           CPU0       CPU1       CPU2       CPU3       CPU4       CPU5       CPU6       CPU7       CPU8       CPU9       CPU10      CPU11      CPU12      CPU13      CPU14      CPU15      CPU16      CPU17      CPU18      CPU19      CPU20      CPU21      CPU22      CPU23      CPU24      CPU25      CPU26      CPU27      CPU28      CPU29      CPU30      CPU31      
  4:          0          0        972          0          0          0          0          0          0          0          0          0          0          0          0          0          0          0          0          0          0          0          0          0          0          0          0          0          0          0          0         79   IO-APIC   4-edge      ttyS0
  8:          0          0          0          0          0          0          0          0          0          0          0          0          0          0          0          0          0          0          0          0          0          0          0          0          0          0          0          0          0          0          0          0   IO-APIC   8-edge      rtc0
  9:          0          0          0          0          0          0          0          0          0          0          0          0          0          0          0          0          0          0          0          0          0          0          0          0          0          0          0          0          0          0          0          0   IO-APIC   9-fasteoi   acpi
 24:          0    4596809          0       1143          0          0          0          0          0          0          0          0          0          0          0          0          0          0          0          0          0          0          0          0          0          0          0          0          0          0          0          0  Hyper-V PCIe MSI 3718099533824-edge      mlx5_async0@pci:6c36:00:02.0
 25:   15730436          0          0          0          1          0          0          0          0          0          0          0          0          0          0          0          0          0          0          0          0          0          0          0          0          0          0          0          0          0          0          0  Hyper-V PCIe MSI 3718099533825-edge      mlx5_comp0@pci:6c36:00:02.0
 26:          0         23          0          0          0          1          0          0          0          0          0          0          0          0          0          0          0          0          0          0   15243010          0          0          0          0          0          0          0          0          0          0          0  Hyper-V PCIe MSI 3718099533826-edge      mlx5_comp1@pci:6c36:00:02.0
 27:          0          0         56          0          0          0          1          0          0          0          0          0          0          0          0          0          0          0          0          0          0   15466667          0          0          0          0          0          0          0          0          0          0  Hyper-V PCIe MSI 3718099533827-edge      mlx5_comp2@pci:6c36:00:02.0
 28:          0          0          0         34          0          0   15096121          1          0          0          0          0          0          0          0          0          0          0          0          0          0          0          0          0          0          0          0          0          0          0          0          0  Hyper-V PCIe MSI 3718099533828-edge      mlx5_comp3@pci:6c36:00:02.0
 29:          0          0          0          0         15          0          0   16055908          1          0          0          0          0          0          0          0          0          0          0          0          0          0          0          0          0          0          0          0          0          0          0          0  Hyper-V PCIe MSI 3718099533829-edge      mlx5_comp4@pci:6c36:00:02.0
 30:          0          0          0          0          0   15867729          0          0          0          1          0          0          0          0          0          0          0          0          0          0          0          0          0          0          0          0          0          0          0          0          0          0  Hyper-V PCIe MSI 3718099533830-edge      mlx5_comp5@pci:6c36:00:02.0
 31:          0          0          0          0   16301473          0          5          0          0          0          1          0          0          0          0          0          0          0          0          0          0          0          0          0          0          0          0          0          0          0          0          0  Hyper-V PCIe MSI 3718099533831-edge      mlx5_comp6@pci:6c36:00:02.0
 32:          0          0          0   15430626          0          0          0          2          0          0          0          1          0          0          0          0          0          0          0          0          0          0          0          0          0          0          0          0          0          0          0          0  Hyper-V PCIe MSI 3718099533832-edge      mlx5_comp7@pci:6c36:00:02.0
 33:          0          0   16475623          0          0          0          0          0         74          0          0          0          1          0          0          0          0          0          0          0          0          0          0          0          0          0          0          0          0          0          0          0  Hyper-V PCIe MSI 3718099533833-edge      mlx5_comp8@pci:6c36:00:02.0
 34:          0          0          0          0          0          0          0          0          0          5          0          0          0          1          0          0          0          0          0          0          0          0   14519199          0          0          0          0          0          0          0          0          0  Hyper-V PCIe MSI 3718099533834-edge      mlx5_comp9@pci:6c36:00:02.0
 35:          0          0          0          0          0          0          0          0          0          0         19          0          0          0          1          0          0          0          0          0          0          0          0   16319673          0          0          0          0          0          0          0          0  Hyper-V PCIe MSI 3718099533835-edge      mlx5_comp10@pci:6c36:00:02.0
 36:          0          0          0          0          0          0          0          0          0          0   13959334        592          0          0          0          1          0          0          0          0          0          0          0          0          0          0          0          0          0          0          0          0  Hyper-V PCIe MSI 3718099533836-edge      mlx5_comp11@pci:6c36:00:02.0
 37:          0          0          0          0          0          0          0          0          0          0          0   15743893          3          0          0          0          1          0          0          0          0          0          0          0          0          0          0          0          0          0          0          0  Hyper-V PCIe MSI 3718099533837-edge      mlx5_comp12@pci:6c36:00:02.0
 38:          0          0          0          0          0          0          0          0          0          0          0          0          0          2          0          0          0          1          0          0          0          0          0          0          0          0          0          0          0   14511824          0          0  Hyper-V PCIe MSI 3718099533838-edge      mlx5_comp13@pci:6c36:00:02.0
 39:          0          0          0          0          0          0          0          0          0          0          0          0          0          0          5          0          0          0          1          0          0          0          0          0          0          0          0          0   13733431          0          0          0  Hyper-V PCIe MSI 3718099533839-edge      mlx5_comp14@pci:6c36:00:02.0
 40:          0          0          0          0          0          0          0          0          0          0          0          0          0          0          0          5          0          0          0          1          0          0          0          0          0          0   14383343          0          0          0          0          0  Hyper-V PCIe MSI 3718099533840-edge      mlx5_comp15@pci:6c36:00:02.0
 41:          0          0          0          0          0          0          0          0          0          0          0          0          0          0          0          0          2          0          0          0          1          0          0          0          0          0          0   15840906          0          0          0          0  Hyper-V PCIe MSI 3718099533841-edge      mlx5_comp16@pci:6c36:00:02.0
 42:          0          0          0          0          0          0          0          0          0          0          0          0          0          0          0          0          0         49          0          0          0          1          0          0   15194021          0          0          0          0          0          0          0  Hyper-V PCIe MSI 3718099533842-edge      mlx5_comp17@pci:6c36:00:02.0
 43:          0          0          0          0          0          0          0          0          0          0          0          0          0          0          0          0          0          0          7          0          0          0          1          0          0   16150343          0          0          0          0          0          0  Hyper-V PCIe MSI 3718099533843-edge      mlx5_comp18@pci:6c36:00:02.0
 44:          0          0          0          0          0          0          0          0          0          0          0          0   15465414          0          0          0          0          0          0         64          0          0          0          1          0          0          0          0          0          0          0          0  Hyper-V PCIe MSI 3718099533844-edge      mlx5_comp19@pci:6c36:00:02.0
 45:          0          0          0          0          0          0          0          0          0          0          0          0          0   15338284          0          0          0          0          0          0         66          0          0          0          1          0          0          0          0          0          0          0  Hyper-V PCIe MSI 3718099533845-edge      mlx5_comp20@pci:6c36:00:02.0
 46:          0          0          0          0          0          0          0          0   14053385          0          0          0          0          0          0          0          0          0          0          0          0         14          0          0          0          1          0          0          0          0          0          0  Hyper-V PCIe MSI 3718099533846-edge      mlx5_comp21@pci:6c36:00:02.0
 47:          0          0          0          0          0          0          0          0          0   15467923          0          0          0          0          0          0          0          0          0          0          0          0         44          0          0          0          1          0          0          0          0          0  Hyper-V PCIe MSI 3718099533847-edge      mlx5_comp22@pci:6c36:00:02.0
 48:          0          0          0          0          0          0          0          0          0          0          0          0          0          0          0          0          0          0          0   14913363          0          0          0        273          0          0          0          1          0          0          0          0  Hyper-V PCIe MSI 3718099533848-edge      mlx5_comp23@pci:6c36:00:02.0
 49:          0          0          0          0          0          0          0          0          0          0          0          0          0          0          0          0          0          0   15186624          0          0          0          0          0         33          0          0          0          1          0          0          0  Hyper-V PCIe MSI 3718099533849-edge      mlx5_comp24@pci:6c36:00:02.0
 50:          0          0          0          0          0          0          0          0          0          0          0          0          0          0          0          0   13929133          0          0          0          0          0          0          0          0         45          0          0          0          1          0          0  Hyper-V PCIe MSI 3718099533850-edge      mlx5_comp25@pci:6c36:00:02.0
 51:          0          0          0          0          0          0          0          0          0          0          0          0          0          0          0          0          0   15307581          0          0          0          0          0          0          0          0         25          0          0          0          1          0  Hyper-V PCIe MSI 3718099533851-edge      mlx5_comp26@pci:6c36:00:02.0
 52:          0          0          0          0          0          0          0          0          0          0          0          0          0          0   13722601          0          0          0          0          0          0          0          0          0          0          0          0         10          0          0          0          1  Hyper-V PCIe MSI 3718099533852-edge      mlx5_comp27@pci:6c36:00:02.0
 53:          1          0          0          0          0          0          0          0          0          0          0          0          0          0          0   14087816          0          0          0          0          0          0          0          0          0          0          0          0          9          0          0          0  Hyper-V PCIe MSI 3718099533853-edge      mlx5_comp28@pci:6c36:00:02.0
 54:          0          1          0          0          0          0          0          0          0          0          0          0          0          0          0          0          0          0          0          0          0          0          0          0          0          0          0          0          0         87   13951726          0  Hyper-V PCIe MSI 3718099533854-edge      mlx5_comp29@pci:6c36:00:02.0
 55:          0          0          1          0          0          0          0          0          0          0          0          0          0          0          0          0          0          0          0          0          0          0          0          0          0          0          0          0          0          0         32   14993196  Hyper-V PCIe MSI 3718099533855-edge      mlx5_comp30@pci:6c36:00:02.0
NMI:          0          0          0          0          0          0          0          0          0          0          0          0          0          0          0          0          0          0          0          0          0          0          0          0          0          0          0          0          0          0          0          0   Non-maskable interrupts
LOC:          0          0          0          0          0          0          0          0          0          0          0          0          0          0          0          0          0          0          0          0          0          0          0          0          0          0          0          0          0          0          0          0   Local timer interrupts
SPU:          0          0          0          0          0          0          0          0          0          0          0          0          0          0          0          0          0          0          0          0          0          0          0          0          0          0          0          0          0          0          0          0   Spurious interrupts
PMI:          0          0          0          0          0          0          0          0          0          0          0          0          0          0          0          0          0          0          0          0          0          0          0          0          0          0          0          0          0          0          0          0   Performance monitoring interrupts
IWI:       1512       1005       1422        746       1676        795       1321        748       1299        806       1265        816       1297        862       1360        728       1420       1049       1440        850       1641        933       1370       1017       3050       1069       1635        969       1594       1095       1417        891   IRQ work interrupts
RTR:          0          0          0          0          0          0          0          0          0          0          0          0          0          0          0          0          0          0          0          0          0          0          0          0          0          0          0          0          0          0          0          0   APIC ICR read retries
RES:     166843      15139     156191     125498     153685     169133     143431     139320     138843     129811     133153     134977     154934     132528     133184     119979     136197     133381     145062     129826     145877     131255     137925     134672     150027     135685     139381     137483     131310     122770     131531     122768   Rescheduling interrupts
CAL:    7616520    7029199    7243589    6017504    7230877    5976770    7124486    6171139    7466807    6216296    7010263    5938964    7181150    5975203    7087955    6015202    7115586    6135407    7054669    6012922    6713426    5752539    7144524    6078605    7337609    6067713    6928495    5970705    6705566    5720091    7053930    6003856   Function call interrupts
TLB:          0          0          0          0          0          0          0          0          0          0          0          0          0          0          0          0          0          0          0          0          0          0          0          0          0          0          0          0          0          0          0          0   TLB shootdowns
TRM:          0          0          0          0          0          0          0          0          0          0          0          0          0          0          0          0          0          0          0          0          0          0          0          0          0          0          0          0          0          0          0          0   Thermal event interrupts
THR:          0          0          0          0          0          0          0          0          0          0          0          0          0          0          0          0          0          0          0          0          0          0          0          0          0          0          0          0          0          0          0          0   Threshold APIC interrupts
DFR:          0          0          0          0          0          0          0          0          0          0          0          0          0          0          0          0          0          0          0          0          0          0          0          0          0          0          0          0          0          0          0          0   Deferred Error APIC interrupts
MCE:          0          0          0          0          0          0          0          0          0          0          0          0          0          0          0          0          0          0          0          0          0          0          0          0          0          0          0          0          0          0          0          0   Machine check exceptions
MCP:        125        125        125        125        125        125        125        125        125        125        125        125        125        125        125        125        125        125        125        125        125        125        125        125        125        125        125        125        125        125        125        125   Machine check polls
HYP:     111463      22486          5      16374      25824      34331      24224      16730      28005      15278         32          0          0          0          0          0          0       1845       1758       2090       1730       1638       1741       1693       2566       1777       1892       3200       1749       1784       1732       1797   Hypervisor callback interrupts
HRE:          0          0          0          0          0          0          0          0          0          0          0          0          0          0          0          0          0          0          0          0          0          0          0          0          0          0          0          0          0          0          0          0   Hyper-V reenlightenment interrupts
HVS:     646710     620186     649430     406313     896751     397936     643101     398918     644792     380402     607487     361100     612556     352276     597610     374681     610920     345862     597788     363255     528275     329222     632126     385387     652259     411603     599072     327580     593657     377714     622755     374635   Hyper-V stimer0 interrupts
ERR:          0
MIS:          0
PIN:          0          0          0          0          0          0          0          0          0          0          0          0          0          0          0          0          0          0          0          0          0          0          0          0          0          0          0          0          0          0          0          0   Posted-interrupt notification event
NPI:          0          0          0          0          0          0          0          0          0          0          0          0          0          0          0          0          0          0          0          0          0          0          0          0          0          0          0          0          0          0          0          0   Nested posted-interrupt event
PIW:          0          0          0          0          0          0          0          0          0          0          0          0          0          0          0          0          0          0          0          0          0          0          0          0          0          0          0          0          0          0          0          0   Posted-interrupt wakeup event
