07071067 0000054c 0000044d 00000000 00000000 00000000 00000000 00000000 00000000 00000000 00000000 00000000 00000000
00fbd0a1 00000000 0000006e 00000000 00000000 00000000 00000000 00000000 00000000 00000000 00000000 00000000 00000001
05ef0fba 0000005f 00000480 00000000 00000000 00000000 00000000 00000000 00000000 00000000 00000000 00000000 00000002
074a886d 00000000 00000337 00000000 00000000 00000000 00000000 00000000 00000000 00000000 00000000 00000000 00000003
06378caa 00000000 0000046d 00000000 00000000 00000000 00000000 00000000 00000000 00000000 00000000 00000000 00000004
05f33328 000001b7 00000495 00000000 00000000 00000000 00000000 00000000 00000000 00000000 00000000 00000000 00000005
06b1a1b1 00000000 00000443 00000000 00000000 00000000 00000000 00000000 00000000 00000000 00000000 00000000 00000006
05d893dc 00000000 000003a5 00000000 00000000 00000000 00000000 00000000 00000000 00000000 00000000 00000000 00000007
04a28c85 000000db 00000389 00000000 00000000 00000000 00000000 00000000 00000000 00000000 00000000 00000000 00000008
05b27daa 00000000 00000314 00000000 00000000 00000000 00000000 00000000 00000000 00000000 00000000 00000000 00000009
06bcf6ca 00000000 00000377 00000000 00000000 00000000 00000000 00000000 00000000 00000000 00000000 00000000 0000000a
06102c80 00000061 000004e3 00000000 00000000 00000000 00000000 00000000 00000000 00000000 00000000 00000000 0000000b
04f9a129 00000000 00000512 00000000 00000000 00000000 00000000 00000000 00000000 00000000 00000000 00000000 0000000c
062cae29 00000000 0000040c 00000000 00000000 00000000 00000000 00000000 00000000 00000000 00000000 00000000 0000000d
0680f8b8 00000000 00000437 00000000 00000000 00000000 00000000 00000000 00000000 00000000 00000000 00000000 0000000e
06674645 00000000 0000036f 00000000 00000000 00000000 00000000 00000000 00000000 00000000 00000000 00000000 0000000f
064bad3a 00000000 000003e3 00000000 00000000 00000000 00000000 00000000 00000000 00000000 00000000 00000000 00000010
0551ae8f 0000033b 000004fd 00000000 00000000 00000000 00000000 00000000 00000000 00000000 00000000 00000000 00000011
064bc76b 00000000 00000432 00000000 00000000 00000000 00000000 00000000 00000000 00000000 00000000 00000000 00000012
05cddedc 00000000 000003e7 00000000 00000000 00000000 00000000 00000000 00000000 00000000 00000000 00000000 00000013
0651eb8d 00000000 000003d2 00000000 00000000 00000000 00000000 00000000 00000000 00000000 00000000 00000000 00000014
062d74f0 000000b7 000003c8 00000000 00000000 00000000 00000000 00000000 00000000 00000000 00000000 00000000 00000015
06584ceb 00000000 00000448 00000000 00000000 00000000 00000000 00000000 00000000 00000000 00000000 00000000 00000016
06119eba 00000005 0000044b 00000000 00000000 00000000 00000000 00000000 00000000 00000000 00000000 00000000 00000017
0509ca95 00000092 00000502 00000000 00000000 00000000 00000000 00000000 00000000 00000000 00000000 00000000 00000018
0648da7e 0000007b 000004a4 00000000 00000000 00000000 00000000 00000000 00000000 00000000 00000000 00000000 00000019
05f81e1b 00000000 0000047a 00000000 00000000 00000000 00000000 00000000 00000000 00000000 00000000 00000000 0000001a
04e1d4c6 00000000 000005b8 00000000 00000000 00000000 00000000 00000000 00000000 00000000 00000000 00000000 0000001b
07003cf3 00000000 000003bf 00000000 00000000 00000000 00000000 00000000 00000000 00000000 00000000 00000000 0000001c
06800a5f 0000002f 0000042b 00000000 00000000 00000000 00000000 00000000 00000000 00000000 00000000 00000000 0000001d
071119a8 00000000 00000399 00000000 00000000 00000000 00000000 00000000 00000000 00000000 00000000 00000000 0000001e
07546eaf 00000000 0000031d 00000000 00000000 00000000 00000000 00000000 00000000 00000000 00000000 00000000 0000001f
