07162aec 0000054c 0000044d 00000000 00000000 00000000 00000000 00000000 00000000 00000000 00000000 00000000 00000000
00fdcc7a 00000000 0000006e 00000000 00000000 00000000 00000000 00000000 00000000 00000000 00000000 00000000 00000001
05f3c1fb 0000005f 00000480 00000000 00000000 00000000 00000000 00000000 00000000 00000000 00000000 00000000 00000002
074cfa1c 00000000 00000337 00000000 00000000 00000000 00000000 00000000 00000000 00000000 00000000 00000000 00000003
063b90dc 00000000 0000046d 00000000 00000000 00000000 00000000 00000000 00000000 00000000 00000000 00000000 00000004
05f4ba61 000001b7 00000495 00000000 00000000 00000000 00000000 00000000 00000000 00000000 00000000 00000000 00000005
06cdec60 00000000 00000443 00000000 00000000 00000000 00000000 00000000 00000000 00000000 00000000 00000000 00000006
05e6b7b4 00000000 000003a5 00000000 00000000 00000000 00000000 00000000 00000000 00000000 00000000 00000000 00000007
04a64c5f 000000db 00000389 00000000 00000000 00000000 00000000 00000000 00000000 00000000 00000000 00000000 00000008
05c0bde9 00000000 00000314 00000000 00000000 00000000 00000000 00000000 00000000 00000000 00000000 00000000 00000009
06c02ad4 00000000 00000377 00000000 00000000 00000000 00000000 00000000 00000000 00000000 00000000 00000000 0000000a
061edcc2 00000061 000004e3 00000000 00000000 00000000 00000000 00000000 00000000 00000000 00000000 00000000 0000000b
0508be19 00000000 00000512 00000000 00000000 00000000 00000000 00000000 00000000 00000000 00000000 00000000 0000000c
062ed975 00000000 0000040c 00000000 00000000 00000000 00000000 00000000 00000000 00000000 00000000 00000000 0000000d
0684b832 00000000 00000437 00000000 00000000 00000000 00000000 00000000 00000000 00000000 00000000 00000000 0000000e
06691866 00000000 0000036f 00000000 00000000 00000000 00000000 00000000 00000000 00000000 00000000 00000000 0000000f
064f8fe4 00000000 000003e3 00000000 00000000 00000000 00000000 00000000 00000000 00000000 00000000 00000000 00000010
05532939 0000033b 000004fd 00000000 00000000 00000000 00000000 00000000 00000000 00000000 00000000 00000000 00000011
064f8ed9 00000000 00000432 00000000 00000000 00000000 00000000 00000000 00000000 00000000 00000000 00000000 00000012
05dba911 00000000 000003e7 00000000 00000000 00000000 00000000 00000000 00000000 00000000 00000000 00000000 00000013
066dcd82 00000000 000003d2 00000000 00000000 00000000 00000000 00000000 00000000 00000000 00000000 00000000 00000014
062efe63 000000b7 000003c8 00000000 00000000 00000000 00000000 00000000 00000000 00000000 00000000 00000000 00000015
065c9ed2 00000000 00000448 00000000 00000000 00000000 00000000 00000000 00000000 00000000 00000000 00000000 00000016
0613a43b 00000005 0000044b 00000000 00000000 00000000 00000000 00000000 00000000 00000000 00000000 00000000 00000017
050dc83f 00000092 00000502 00000000 00000000 00000000 00000000 00000000 00000000 00000000 00000000 00000000 00000018
064a7236 0000007b 000004a4 00000000 00000000 00000000 00000000 00000000 00000000 00000000 00000000 00000000 00000019
0606f486 00000000 0000047a 00000000 00000000 00000000 00000000 00000000 00000000 00000000 00000000 00000000 0000001a
04efe250 00000000 000005b8 00000000 00000000 00000000 00000000 00000000 00000000 00000000 00000000 00000000 0000001b
070f7f63 00000000 000003c0 00000000 00000000 00000000 00000000 00000000 00000000 00000000 00000000 00000000 0000001c
068d842b 0000002f 0000042c 00000000 00000000 00000000 00000000 00000000 00000000 00000000 00000000 00000000 0000001d
072d55d6 00000000 00000399 00000000 00000000 00000000 00000000 00000000 00000000 00000000 00000000 00000000 0000001e
0755eaee 00000000 0000031d 00000000 00000000 00000000 00000000 00000000 00000000 00000000 00000000 00000000 0000001f
