           CPU0       CPU1       CPU2       CPU3       CPU4       CPU5       CPU6       CPU7       CPU8       CPU9       CPU10      CPU11      CPU12      CPU13      CPU14      CPU15      CPU16      CPU17      CPU18      CPU19      CPU20      CPU21      CPU22      CPU23      CPU24      CPU25      CPU26      CPU27      CPU28      CPU29      CPU30      CPU31      
  4:          0          0        963          0          0         15          0          0          0          0          0          0          0          0          0          0          0          0          0          0          0          0          0          0          0          0          0          0          0          0          0          0   IO-APIC   4-edge      ttyS0
  8:          0          0          0          0          0          0          0          0          0          0          0          0          0          0          0          0          0          0          0          0          0          0          0          0          0          0          0          0          0          0          0          0   IO-APIC   8-edge      rtc0
  9:          0          0          0          0          0          0          0          0          0          0          0          0          0          0          0          0          0          0          0          0          0          0          0          0          0          0          0          0          0          0          0          0   IO-APIC   9-fasteoi   acpi
 24:          0          0          0       1503          0          0          0          0          0          0          0          0          0          0          0          0          0          0          0          0          0          0          0          0          0          0      27203          0          0          0          0          0  Hyper-V PCIe MSI 2353910546432-edge      mlx4-async@pci:4482:00:02.0
 25:         87          0          0          0          1          0          0          0          0          0          0          0          0          0          0          0          0          0          0          0          0          0          0          0          0          0          0          0          0          0   22913119          0  Hyper-V PCIe MSI 2353910546433-edge      mlx4-1@4482:00:02.0
 26:          0          9          0   21261750          0          1          0          0          0          0          0          0          0          0          0          0          0          0          0          0          0          0          0          0          0          0          0          0          0          0          0          0  Hyper-V PCIe MSI 2353910546434-edge      mlx4-2@4482:00:02.0
 27:          0          0         36          0          0          0          1          0          0          0          0          0          0          0          0          0          0          0          0          0          0   21921844          0          0          0          0          0          0          0          0          0          0  Hyper-V PCIe MSI 2353910546435-edge      mlx4-3@4482:00:02.0
 28:          0          0          0         31          0          0          0          1          0          0          0          0          0          0   21359596          0          0          0          0          0          0          0          0          0          0          0          0          0          0          0          0          0  Hyper-V PCIe MSI 2353910546436-edge      mlx4-4@4482:00:02.0
 29:          0          0          0          0        304          0          0          0          1   21927534          0          0          0          0          0          0          0          0          0          0          0          0          0          0          0          0          0          0          0          0          0          0  Hyper-V PCIe MSI 2353910546437-edge      mlx4-5@4482:00:02.0
 30:          0          0          0          0          0          0          0          0          0          1          0          0          0          0          0          0          0          0          0          0          0          0          0          0          0          0          0          0   18360222          0          0          0  Hyper-V PCIe MSI 2353910546438-edge      mlx4-6@4482:00:02.0
 31:          0          0          0          0          0          0         75          0          0          0          1          0          0          0          0          0          0          0          0          0          0          0   23084124          0          0          0          0          0          0          0          0          0  Hyper-V PCIe MSI 2353910546439-edge      mlx4-7@4482:00:02.0
 32:          0          0          0          0          0   21363541          0         63          0          0          0          1          0          0          0          0          0          0          0          0          0          0          0          0          0          0          0          0          0          0          0          0  Hyper-V PCIe MSI 2353910546440-edge      mlx4-8@4482:00:02.0
 33:          0          0          0          0          0          0          0          0          6          0          0          0   22513979          0          0          0          0          0          0          0          0          0          0          0          0          0          0          0          0          0          0          0  Hyper-V PCIe MSI 2353910546441-edge      mlx4-9@4482:00:02.0
 34:          0          0          0          0          0          0          0          0          0         24          0          0          0          1          0          0   20768327          0          0          0          0          0          0          0          0          0          0          0          0          0          0          0  Hyper-V PCIe MSI 2353910546442-edge      mlx4-10@4482:00:02.0
 35:          0          0          0          0          0          0          0          0          0          0         62          0          0          0          1          0          0          0          0          0   23659452          0          0          0          0          0          0          0          0          0          0          0  Hyper-V PCIe MSI 2353910546443-edge      mlx4-11@4482:00:02.0
 36:          0          0          0          0          0          0          0          0          0          0          0          6          0          0          0          1          0          0          0          0          0          0          0          0   21736753          0          0          0          0          0          0          0  Hyper-V PCIe MSI 2353910546444-edge      mlx4-12@4482:00:02.0
 37:          0          0          0          0          0          0          0          0          0          0          0   19637755         64          0          0          0          1          0          0          0          0          0          0          0          0          0          0          0          0          0          0          0  Hyper-V PCIe MSI 2353910546445-edge      mlx4-13@4482:00:02.0
 38:          0   22970400          0          0          0          0          0          0          0          0          0          0          0         52          0          0          0          1          0          0          0          0          0          0          0          0          0          0          0          0          0          0  Hyper-V PCIe MSI 2353910546446-edge      mlx4-14@4482:00:02.0
 39:          0          0          0          0          0          0          0   19830739          0          0          0          0          0          0          3          0          0          0          1          0          0          0          0          0          0          0          0          0          0          0          0          0  Hyper-V PCIe MSI 2353910546447-edge      mlx4-15@4482:00:02.0
 40:          0          0          0          0          0          0          0          0          0          0          0          0          0          0          0         24          0          0   23549503          1          0          0          0          0          0          0          0          0          0          0          0          0  Hyper-V PCIe MSI 2353910546448-edge      mlx4-16@4482:00:02.0
NMI:          0          0          0          0          0          0          0          0          0          0          0          0          0          0          0          0          0          0          0          0          0          0          0          0          0          0          0          0          0          0          0          0   Non-maskable interrupts
LOC:          0          0          0          0          0          0          0          0          0          0          0          0          0          0          0          0          0          0          0          0          0          0          0          0          0          0          0          0          0          0          0          0   Local timer interrupts
SPU:          0          0          0          0          0          0          0          0          0          0          0          0          0          0          0          0          0          0          0          0          0          0          0          0          0          0          0          0          0          0          0          0   Spurious interrupts
PMI:          0          0          0          0          0          0          0          0          0          0          0          0          0          0          0          0          0          0          0          0          0          0          0          0          0          0          0          0          0          0          0          0   Performance monitoring interrupts
IWI:       1271        737       1124        800       1205        623       1162       3083       1190        590       1172        555        851        686        973        728       1147        951       1151       1027       1425        793       1311        948       1137        966       1388       1013       1156        916       1167        906   IRQ work interrupts
RTR:          0          0          0          0          0          0          0          0          0          0          0          0          0          0          0          0          0          0          0          0          0          0          0          0          0          0          0          0          0          0          0          0   APIC ICR read retries
RES:      15754       7574      20423      10142      22625      10589      21210      10240      22238       9146      21700       8455      10933      18768      10677      18652      12275      17464      12376      17116      11537       9473      11371      18376      10319      18011      18934      12502      10784      15564      10402      16104   Rescheduling interrupts
CAL:    1241064     430869    1158547     458433    1171502     417110    1141904     463877    1137844     435432    1154972     397431     633901     940365     656559     961814     702483     955817     715164     939978     524718     367737     611144     935551     622081     946203    1226915     929717     690268     938057     625797     960710   Function call interrupts
TLB:          0          0          0          0          0          0          0          0          0          0          0          0          0          0          0          0          0          0          0          0          0          0          0          0          0          0          0          0          0          0          0          0   TLB shootdowns
TRM:          0          0          0          0          0          0          0          0          0          0          0          0          0          0          0          0          0          0          0          0          0          0          0          0          0          0          0          0          0          0          0          0   Thermal event interrupts
THR:          0          0          0          0          0          0          0          0          0          0          0          0          0          0          0          0          0          0          0          0          0          0          0          0          0          0          0          0          0          0          0          0   Threshold APIC interrupts
DFR:          0          0          0          0          0          0          0          0          0          0          0          0          0          0          0          0          0          0          0          0          0          0          0          0          0          0          0          0          0          0          0          0   Deferred Error APIC interrupts
MCE:          0          0          0          0          0          0          0          0          0          0          0          0          0          0          0          0          0          0          0          0          0          0          0          0          0          0          0          0          0          0          0          0   Machine check exceptions
MCP:          7          7          7          7          7          7          7          7          7          7          7          7          7          7          7          7          7          7          7          7          7          7          7          7          7          7          7          7          7          7          7          7   Machine check polls
HYP:      12272      14426          7       8940      25627      30571      20547      14647      14009      26209          0          0          0          0          1         15         14       1514       1022       1115       1118        968       1824       1329       1398       1067       1502       1506       1063       1218       1073       1158   Hypervisor callback interrupts
HRE:          0          0          0          0          0          0          0          0          0          0          0          0          0          0          0          0          0          0          0          0          0          0          0          0          0          0          0          0          0          0          0          0   Hyper-V reenlightenment interrupts
HVS:    1156435     591296    1158064     679745    1155631     611109    1155915     644670    1202663     629580    1156705     713714     861738     996554     850177    1009568     908626     937523     846202     981814     956153     797005     823793     982653     836586     969022    1100438     901548     870196     963773     844248     945343   Hyper-V stimer0 interrupts
ERR:          0
MIS:          0
PIN:          0          0          0          0          0          0          0          0          0          0          0          0          0          0          0          0          0          0          0          0          0          0          0          0          0          0          0          0          0          0          0          0   Posted-interrupt notification event
NPI:          0          0          0          0          0          0          0          0          0          0          0          0          0          0          0          0          0          0          0          0          0          0          0          0          0          0          0          0          0          0          0          0   Nested posted-interrupt event
PIW:          0          0          0          0          0          0          0          0          0          0          0          0          0          0          0          0          0          0          0          0          0          0          0          0          0          0          0          0          0          0          0          0   Posted-interrupt wakeup event
