0121a0f4 00000000 0000011d 00000000 00000000 00000000 00000000 00000000 00000000 00000000 00000000 00000000 00000000
0437160d 00000000 00000959 00000000 00000000 00000000 00000000 00000000 00000000 00000000 00000000 00000000 00000001
011f2cfc 00000000 000000fc 00000000 00000000 00000000 00000000 00000000 00000000 00000000 00000000 00000000 00000002
03adc37f 00000000 000007d0 00000000 00000000 00000000 00000000 00000000 00000000 00000000 00000000 00000000 00000003
011f8d35 00000000 000000ff 00000000 00000000 00000000 00000000 00000000 00000000 00000000 00000000 00000000 00000004
03f7e7db 00000000 00000868 00000000 00000000 00000000 00000000 00000000 00000000 00000000 00000000 00000000 00000005
0120bb3c 00000000 0000010c 00000000 00000000 00000000 00000000 00000000 00000000 00000000 00000000 00000000 00000006
03cbe618 00000000 000007ce 00000000 00000000 00000000 00000000 00000000 00000000 00000000 00000000 00000000 00000007
011ca35d 00000000 00000105 00000000 00000000 00000000 00000000 00000000 00000000 00000000 00000000 00000000 00000008
03d42885 00000000 00000880 00000000 00000000 00000000 00000000 00000000 00000000 00000000 00000000 00000000 00000009
011e7fb8 00000000 000000ec 00000000 00000000 00000000 00000000 00000000 00000000 00000000 00000000 00000000 0000000a
040c8b30 00000000 000009a9 00000000 00000000 00000000 00000000 00000000 00000000 00000000 00000000 00000000 0000000b
03d3f213 00000000 00000823 00000000 00000000 00000000 00000000 00000000 00000000 00000000 00000000 00000000 0000000c
010d23e5 00000000 000000f1 00000000 00000000 00000000 00000000 00000000 00000000 00000000 00000000 00000000 0000000d
03cb6f73 00000000 000008c6 00000000 00000000 00000000 00000000 00000000 00000000 00000000 00000000 00000000 0000000e
010dd1d6 00000000 000000ff 00000000 00000000 00000000 00000000 00000000 00000000 00000000 00000000 00000000 0000000f
0364b68f 00000000 0000075f 00000000 00000000 00000000 00000000 00000000 00000000 00000000 00000000 00000000 00000010
011063eb 00000000 00000101 00000000 00000000 00000000 00000000 00000000 00000000 00000000 00000000 00000000 00000011
036a968c 00000000 0000078b 00000000 00000000 00000000 00000000 00000000 00000000 00000000 00000000 00000000 00000012
010ef515 00000000 00000105 00000000 00000000 00000000 00000000 00000000 00000000 00000000 00000000 00000000 00000013
03f7d345 00000000 00000903 00000000 00000000 00000000 00000000 00000000 00000000 00000000 00000000 00000000 00000014
03b7e716 00000000 0000084f 00000000 00000000 00000000 00000000 00000000 00000000 00000000 00000000 00000000 00000015
03ce65b8 00000000 0000087a 00000000 00000000 00000000 00000000 00000000 00000000 00000000 00000000 00000000 00000016
010db28c 00000000 000000e5 00000000 00000000 00000000 00000000 00000000 00000000 00000000 00000000 00000000 00000017
03f97813 00000000 0000083e 00000000 00000000 00000000 00000000 00000000 00000000 00000000 00000000 00000000 00000018
010e9c66 00000000 000000f3 00000000 00000000 00000000 00000000 00000000 00000000 00000000 00000000 00000000 00000019
0139cf4a 00000000 0000012c 00000000 00000000 00000000 00000000 00000000 00000000 00000000 00000000 00000000 0000001a
01229156 00000000 0000012e 00000000 00000000 00000000 00000000 00000000 00000000 00000000 00000000 00000000 0000001b
03a4592b 00000000 00000725 00000000 00000000 00000000 00000000 00000000 00000000 00000000 00000000 00000000 0000001c
010fa96d 00000000 000000fe 00000000 00000000 00000000 00000000 00000000 00000000 00000000 00000000 00000000 0000001d
03cdbea2 00000000 00000850 00000000 00000000 00000000 00000000 00000000 00000000 00000000 00000000 00000000 0000001e
010c5396 00000000 000000ec 00000000 00000000 00000000 00000000 00000000 00000000 00000000 00000000 00000000 0000001f
