015aa56c 00000000 00000169 00000000 00000000 00000000 00000000 00000000 00000000 00000000 00000000 00000000 00000000
07c3f90f 00000000 00000d0c 00000000 00000000 00000000 00000000 00000000 00000000 00000000 00000000 00000000 00000001
0155b888 00000000 0000014f 00000000 00000000 00000000 00000000 00000000 00000000 00000000 00000000 00000000 00000002
060ea979 00000000 00000ab3 00000000 00000000 00000000 00000000 00000000 00000000 00000000 00000000 00000038 00000003
01565344 00000000 00000155 00000000 00000000 00000000 00000000 00000000 00000000 00000000 00000000 00000000 00000004
0608ea44 00000000 00000ae0 00000000 00000000 00000000 00000000 00000000 00000000 00000000 00000000 00000000 00000005
0157fd73 00000000 00000155 00000000 00000000 00000000 00000000 00000000 00000000 00000000 00000000 00000000 00000006
0647fac6 00000000 00000aa6 00000000 00000000 00000000 00000000 00000000 00000000 00000000 00000000 0000000e 00000007
0155bc42 00000000 00000157 00000000 00000000 00000000 00000000 00000000 00000000 00000000 00000000 00000000 00000008
07930536 00000000 00000c03 00000000 00000000 00000000 00000000 00000000 00000000 00000000 00000000 00000000 00000009
01558adb 00000000 00000133 00000000 00000000 00000000 00000000 00000000 00000000 00000000 00000000 00000000 0000000a
06eaa485 00000000 00000d31 00000000 00000000 00000000 00000000 00000000 00000000 00000000 00000000 00000000 0000000b
071c89a5 00000000 00000bbd 00000000 00000000 00000000 00000000 00000000 00000000 00000000 00000000 00000001 0000000c
01420827 00000000 00000146 00000000 00000000 00000000 00000000 00000000 00000000 00000000 00000000 00000000 0000000d
063a3cd2 00000000 00000bd1 00000000 00000000 00000000 00000000 00000000 00000000 00000000 00000000 00000000 0000000e
01419912 00000000 0000014d 00000000 00000000 00000000 00000000 00000000 00000000 00000000 00000000 00000000 0000000f
072f4972 00000000 00000b3d 00000000 00000000 00000000 00000000 00000000 00000000 00000000 00000000 00000001 00000010
0145d0e1 00000000 0000015a 00000000 00000000 00000000 00000000 00000000 00000000 00000000 00000000 00000000 00000011
061263a6 00000000 00000ac9 00000000 00000000 00000000 00000000 00000000 00000000 00000000 00000000 00000000 00000012
0142e6c0 00000000 0000014c 00000000 00000000 00000000 00000000 00000000 00000000 00000000 00000000 00000000 00000013
06e659dc 00000000 00000cb7 00000000 00000000 00000000 00000000 00000000 00000000 00000000 00000000 00000003 00000014
06218ac0 00000000 00000b3a 00000000 00000000 00000000 00000000 00000000 00000000 00000000 00000000 00000000 00000015
064c1ed4 00000000 00000b56 00000000 00000000 00000000 00000000 00000000 00000000 00000000 00000000 00000000 00000016
0140f0c1 00000000 00000125 00000000 00000000 00000000 00000000 00000000 00000000 00000000 00000000 00000000 00000017
06a34a1f 00000000 00000ba8 00000000 00000000 00000000 00000000 00000000 00000000 00000000 00000000 00000000 00000018
014280c2 00000000 0000013d 00000000 00000000 00000000 00000000 00000000 00000000 00000000 00000000 00000000 00000019
0173790e 00000000 00000176 00000000 00000000 00000000 00000000 00000000 00000000 00000000 00000000 00000000 0000001a
01567ed0 00000000 0000017a 00000000 00000000 00000000 00000000 00000000 00000000 00000000 00000000 00000000 0000001b
065c488d 00000000 00000abc 00000000 00000000 00000000 00000000 00000000 00000000 00000000 00000000 00000000 0000001c
014417e6 00000000 0000014d 00000000 00000000 00000000 00000000 00000000 00000000 00000000 00000000 00000000 0000001d
07436d36 00000000 00000c1a 00000000 00000000 00000000 00000000 00000000 00000000 00000000 00000000 00000018 0000001e
0141707f 00000000 00000138 00000000 00000000 00000000 00000000 00000000 00000000 00000000 00000000 00000000 0000001f
