           CPU0       CPU1       CPU2       CPU3       CPU4       CPU5       CPU6       CPU7       CPU8       CPU9       CPU10      CPU11      CPU12      CPU13      CPU14      CPU15      CPU16      CPU17      CPU18      CPU19      CPU20      CPU21      CPU22      CPU23      CPU24      CPU25      CPU26      CPU27      CPU28      CPU29      CPU30      CPU31      
  4:          0          0        972          0          0          0          0          0          0          0          0          0          0          0          0          0          0          0          0          0          0          0          0          0          0          0          0          0          0          0          0         79   IO-APIC   4-edge      ttyS0
  8:          0          0          0          0          0          0          0          0          0          0          0          0          0          0          0          0          0          0          0          0          0          0          0          0          0          0          0          0          0          0          0          0   IO-APIC   8-edge      rtc0
  9:          0          0          0          0          0          0          0          0          0          0          0          0          0          0          0          0          0          0          0          0          0          0          0          0          0          0          0          0          0          0          0          0   IO-APIC   9-fasteoi   acpi
 24:          0    1984125          0       1143          0          0          0          0          0          0          0          0          0          0          0          0          0          0          0          0          0          0          0          0          0          0          0          0          0          0          0          0  Hyper-V PCIe MSI 3718099533824-edge      mlx5_async0@pci:6c36:00:02.0
 25:    6863764          0          0          0          1          0          0          0          0          0          0          0          0          0          0          0          0          0          0          0          0          0          0          0          0          0          0          0          0          0          0          0  Hyper-V PCIe MSI 3718099533825-edge      mlx5_comp0@pci:6c36:00:02.0
 26:          0         23          0          0          0          1          0          0          0          0          0          0          0          0          0          0          0          0          0          0    6421216          0          0          0          0          0          0          0          0          0          0          0  Hyper-V PCIe MSI 3718099533826-edge      mlx5_comp1@pci:6c36:00:02.0
 27:          0          0         56          0          0          0          1          0          0          0          0          0          0          0          0          0          0          0          0          0          0    6652615          0          0          0          0          0          0          0          0          0          0  Hyper-V PCIe MSI 3718099533827-edge      mlx5_comp2@pci:6c36:00:02.0
 28:          0          0          0         34          0          0    6609029          1          0          0          0          0          0          0          0          0          0          0          0          0          0          0          0          0          0          0          0          0          0          0          0          0  Hyper-V PCIe MSI 3718099533828-edge      mlx5_comp3@pci:6c36:00:02.0
 29:          0          0          0          0         15          0          0    6791646          1          0          0          0          0          0          0          0          0          0          0          0          0          0          0          0          0          0          0          0          0          0          0          0  Hyper-V PCIe MSI 3718099533829-edge      mlx5_comp4@pci:6c36:00:02.0
 30:          0          0          0          0          0    6806549          0          0          0          1          0          0          0          0          0          0          0          0          0          0          0          0          0          0          0          0          0          0          0          0          0          0  Hyper-V PCIe MSI 3718099533830-edge      mlx5_comp5@pci:6c36:00:02.0
 31:          0          0          0          0    6946110          0          5          0          0          0          1          0          0          0          0          0          0          0          0          0          0          0          0          0          0          0          0          0          0          0          0          0  Hyper-V PCIe MSI 3718099533831-edge      mlx5_comp6@pci:6c36:00:02.0
 32:          0          0          0    6917294          0          0          0          2          0          0          0          1          0          0          0          0          0          0          0          0          0          0          0          0          0          0          0          0          0          0          0          0  Hyper-V PCIe MSI 3718099533832-edge      mlx5_comp7@pci:6c36:00:02.0
 33:          0          0    6763598          0          0          0          0          0         74          0          0          0          1          0          0          0          0          0          0          0          0          0          0          0          0          0          0          0          0          0          0          0  Hyper-V PCIe MSI 3718099533833-edge      mlx5_comp8@pci:6c36:00:02.0
 34:          0          0          0          0          0          0          0          0          0          5          0          0          0          1          0          0          0          0          0          0          0          0    6230602          0          0          0          0          0          0          0          0          0  Hyper-V PCIe MSI 3718099533834-edge      mlx5_comp9@pci:6c36:00:02.0
 35:          0          0          0          0          0          0          0          0          0          0         19          0          0          0          1          0          0          0          0          0          0          0          0    7067146          0          0          0          0          0          0          0          0  Hyper-V PCIe MSI 3718099533835-edge      mlx5_comp10@pci:6c36:00:02.0
 36:          0          0          0          0          0          0          0          0          0          0    6044765        592          0          0          0          1          0          0          0          0          0          0          0          0          0          0          0          0          0          0          0          0  Hyper-V PCIe MSI 3718099533836-edge      mlx5_comp11@pci:6c36:00:02.0
 37:          0          0          0          0          0          0          0          0          0          0          0    6391204          3          0          0          0          1          0          0          0          0          0          0          0          0          0          0          0          0          0          0          0  Hyper-V PCIe MSI 3718099533837-edge      mlx5_comp12@pci:6c36:00:02.0
 38:          0          0          0          0          0          0          0          0          0          0          0          0          0          2          0          0          0          1          0          0          0          0          0          0          0          0          0          0          0    6024085          0          0  Hyper-V PCIe MSI 3718099533838-edge      mlx5_comp13@pci:6c36:00:02.0
 39:          0          0          0          0          0          0          0          0          0          0          0          0          0          0          5          0          0          0          1          0          0          0          0          0          0          0          0          0    6143068          0          0          0  Hyper-V PCIe MSI 3718099533839-edge      mlx5_comp14@pci:6c36:00:02.0
 40:          0          0          0          0          0          0          0          0          0          0          0          0          0          0          0          5          0          0          0          1          0          0          0          0          0          0    6160342          0          0          0          0          0  Hyper-V PCIe MSI 3718099533840-edge      mlx5_comp15@pci:6c36:00:02.0
 41:          0          0          0          0          0          0          0          0          0          0          0          0          0          0          0          0          2          0          0          0          1          0          0          0          0          0          0    6168300          0          0          0          0  Hyper-V PCIe MSI 3718099533841-edge      mlx5_comp16@pci:6c36:00:02.0
 42:          0          0          0          0          0          0          0          0          0          0          0          0          0          0          0          0          0         49          0          0          0          1          0          0    5789551          0          0          0          0          0          0          0  Hyper-V PCIe MSI 3718099533842-edge      mlx5_comp17@pci:6c36:00:02.0
 43:          0          0          0          0          0          0          0          0          0          0          0          0          0          0          0          0          0          0          7          0          0          0          1          0          0    7011444          0          0          0          0          0          0  Hyper-V PCIe MSI 3718099533843-edge      mlx5_comp18@pci:6c36:00:02.0
 44:          0          0          0          0          0          0          0          0          0          0          0          0    5984672          0          0          0          0          0          0         64          0          0          0          1          0          0          0          0          0          0          0          0  Hyper-V PCIe MSI 3718099533844-edge      mlx5_comp19@pci:6c36:00:02.0
 45:          0          0          0          0          0          0          0          0          0          0          0          0          0    6429067          0          0          0          0          0          0         66          0          0          0          1          0          0          0          0          0          0          0  Hyper-V PCIe MSI 3718099533845-edge      mlx5_comp20@pci:6c36:00:02.0
 46:          0          0          0          0          0          0          0          0    6134854          0          0          0          0          0          0          0          0          0          0          0          0         14          0          0          0          1          0          0          0          0          0          0  Hyper-V PCIe MSI 3718099533846-edge      mlx5_comp21@pci:6c36:00:02.0
 47:          0          0          0          0          0          0          0          0          0    6136586          0          0          0          0          0          0          0          0          0          0          0          0         44          0          0          0          1          0          0          0          0          0  Hyper-V PCIe MSI 3718099533847-edge      mlx5_comp22@pci:6c36:00:02.0
 48:          0          0          0          0          0          0          0          0          0          0          0          0          0          0          0          0          0          0          0    6170858          0          0          0        273          0          0          0          1          0          0          0          0  Hyper-V PCIe MSI 3718099533848-edge      mlx5_comp23@pci:6c36:00:02.0
 49:          0          0          0          0          0          0          0          0          0          0          0          0          0          0          0          0          0          0    6234507          0          0          0          0          0         33          0          0          0          1          0          0          0  Hyper-V PCIe MSI 3718099533849-edge      mlx5_comp24@pci:6c36:00:02.0
 50:          0          0          0          0          0          0          0          0          0          0          0          0          0          0          0          0    5886907          0          0          0          0          0          0          0          0         45          0          0          0          1          0          0  Hyper-V PCIe MSI 3718099533850-edge      mlx5_comp25@pci:6c36:00:02.0
 51:          0          0          0          0          0          0          0          0          0          0          0          0          0          0          0          0          0    5827877          0          0          0          0          0          0          0          0         25          0          0          0          1          0  Hyper-V PCIe MSI 3718099533851-edge      mlx5_comp26@pci:6c36:00:02.0
 52:          0          0          0          0          0          0          0          0          0          0          0          0          0          0    5735740          0          0          0          0          0          0          0          0          0          0          0          0         10          0          0          0          1  Hyper-V PCIe MSI 3718099533852-edge      mlx5_comp27@pci:6c36:00:02.0
 53:          1          0          0          0          0          0          0          0          0          0          0          0          0          0          0    5918209          0          0          0          0          0          0          0          0          0          0          0          0          9          0          0          0  Hyper-V PCIe MSI 3718099533853-edge      mlx5_comp28@pci:6c36:00:02.0
 54:          0          1          0          0          0          0          0          0          0          0          0          0          0          0          0          0          0          0          0          0          0          0          0          0          0          0          0          0          0         87    6010558          0  Hyper-V PCIe MSI 3718099533854-edge      mlx5_comp29@pci:6c36:00:02.0
 55:          0          0          1          0          0          0          0          0          0          0          0          0          0          0          0          0          0          0          0          0          0          0          0          0          0          0          0          0          0          0         32    6747350  Hyper-V PCIe MSI 3718099533855-edge      mlx5_comp30@pci:6c36:00:02.0
NMI:          0          0          0          0          0          0          0          0          0          0          0          0          0          0          0          0          0          0          0          0          0          0          0          0          0          0          0          0          0          0          0          0   Non-maskable interrupts
LOC:          0          0          0          0          0          0          0          0          0          0          0          0          0          0          0          0          0          0          0          0          0          0          0          0          0          0          0          0          0          0          0          0   Local timer interrupts
SPU:          0          0          0          0          0          0          0          0          0          0          0          0          0          0          0          0          0          0          0          0          0          0          0          0          0          0          0          0          0          0          0          0   Spurious interrupts
PMI:          0          0          0          0          0          0          0          0          0          0          0          0          0          0          0          0          0          0          0          0          0          0          0          0          0          0          0          0          0          0          0          0   Performance monitoring interrupts
IWI:        541        366        478        238        644        245        501        234        433        304        483        272        493        303        508        261        632        336        435        286        514        299        476        403       1760        338        569        332        509        328        507        325   IRQ work interrupts
RTR:          0          0          0          0          0          0          0          0          0          0          0          0          0          0          0          0          0          0          0          0          0          0          0          0          0          0          0          0          0          0          0          0   APIC ICR read retries
RES:      71023       5660      61792      54747      63165      69882      59969      55999      55478      50397      55767      52343      56024      52987      54154      48899      55175      48503      59127      49384      61212      53458      56484      55346      54690      54789      57505      50323      57246      47886      54532      52813   Rescheduling interrupts
CAL:    4263937    3815011    4042643    3352606    3991067    3262879    3985530    3410930    4088048    3467382    3975438    3296178    3935092    3329501    4023235    3378364    4040845    3424245    3975918    3329846    3747227    3176435    3985538    3329946    4098183    3352116    3886367    3267495    3854829    3198137    4037087    3427165   Function call interrupts
TLB:          0          0          0          0          0          0          0          0          0          0          0          0          0          0          0          0          0          0          0          0          0          0          0          0          0          0          0          0          0          0          0          0   TLB shootdowns
TRM:          0          0          0          0          0          0          0          0          0          0          0          0          0          0          0          0          0          0          0          0          0          0          0          0          0          0          0          0          0          0          0          0   Thermal event interrupts
THR:          0          0          0          0          0          0          0          0          0          0          0          0          0          0          0          0          0          0          0          0          0          0          0          0          0          0          0          0          0          0          0          0   Threshold APIC interrupts
DFR:          0          0          0          0          0          0          0          0          0          0          0          0          0          0          0          0          0          0          0          0          0          0          0          0          0          0          0          0          0          0          0          0   Deferred Error APIC interrupts
MCE:          0          0          0          0          0          0          0          0          0          0          0          0          0          0          0          0          0          0          0          0          0          0          0          0          0          0          0          0          0          0          0          0   Machine check exceptions
MCP:        121        121        121        121        121        121        121        121        121        121        121        121        121        121        121        121        121        121        121        121        121        121        121        121        121        121        121        121        121        121        121        121   Machine check polls
HYP:     102451      15834          5      11708      17470      27325      18359      12455      21731      10042         32          0          0          0          0          0          0       1233       1118       1429        994       1013       1144       1082       1931       1050       1159       2046       1151       1184       1132       1116   Hypervisor callback interrupts
HRE:          0          0          0          0          0          0          0          0          0          0          0          0          0          0          0          0          0          0          0          0          0          0          0          0          0          0          0          0          0          0          0          0   Hyper-V reenlightenment interrupts
HVS:     263792     275821     239767     184794     484239     164410     235323     154953     215337     150145     203428     160261     199252     148021     196194     144934     201034     148880     198855     149698     183221     149607     212385     168685     236952     183138     246867     146663     234566     220491     234329     158137   Hyper-V stimer0 interrupts
ERR:          0
MIS:          0
PIN:          0          0          0          0          0          0          0          0          0          0          0          0          0          0          0          0          0          0          0          0          0          0          0          0          0          0          0          0          0          0          0          0   Posted-interrupt notification event
NPI:          0          0          0          0          0          0          0          0          0          0          0          0          0          0          0          0          0          0          0          0          0          0          0          0          0          0          0          0          0          0          0          0   Nested posted-interrupt event
PIW:          0          0          0          0          0          0          0          0          0          0          0          0          0          0          0          0          0          0          0          0          0          0          0          0          0          0          0          0          0          0          0          0   Posted-interrupt wakeup event
