01bdbcd8 00000000 000001ba 00000000 00000000 00000000 00000000 00000000 00000000 00000000 00000000 00000000 00000000
00477aee 00000000 0000000d 00000000 00000000 00000000 00000000 00000000 00000000 00000000 00000000 00000000 00000001
016d8ee1 00000000 00000156 00000000 00000000 00000000 00000000 00000000 00000000 00000000 00000000 00000000 00000002
01cc3ca3 00000000 00000103 00000000 00000000 00000000 00000000 00000000 00000000 00000000 00000000 00000000 00000003
01b5dab5 00000000 000001a9 00000000 00000000 00000000 00000000 00000000 00000000 00000000 00000000 00000000 00000004
01ae6212 00000032 0000015d 00000000 00000000 00000000 00000000 00000000 00000000 00000000 00000000 00000000 00000005
01d29ff7 00000000 000001e9 00000000 00000000 00000000 00000000 00000000 00000000 00000000 00000000 00000000 00000006
018a5152 00000000 0000013e 00000000 00000000 00000000 00000000 00000000 00000000 00000000 00000000 00000000 00000007
018dacf5 000000db 00000162 00000000 00000000 00000000 00000000 00000000 00000000 00000000 00000000 00000000 00000008
012226e9 00000000 000000c9 00000000 00000000 00000000 00000000 00000000 00000000 00000000 00000000 00000000 00000009
01760fdc 00000000 00000172 00000000 00000000 00000000 00000000 00000000 00000000 00000000 00000000 00000000 0000000a
0172c4b4 00000040 000001b4 00000000 00000000 00000000 00000000 00000000 00000000 00000000 00000000 00000000 0000000b
0192ded4 00000000 000001b8 00000000 00000000 00000000 00000000 00000000 00000000 00000000 00000000 00000000 0000000c
017bace6 00000000 00000155 00000000 00000000 00000000 00000000 00000000 00000000 00000000 00000000 00000000 0000000d
01521249 00000000 00000191 00000000 00000000 00000000 00000000 00000000 00000000 00000000 00000000 00000000 0000000e
0160c66a 00000000 0000014b 00000000 00000000 00000000 00000000 00000000 00000000 00000000 00000000 00000000 0000000f
014871cf 00000000 0000016f 00000000 00000000 00000000 00000000 00000000 00000000 00000000 00000000 00000000 00000010
0130b63f 00000000 0000015c 00000000 00000000 00000000 00000000 00000000 00000000 00000000 00000000 00000000 00000011
01526f52 00000000 00000182 00000000 00000000 00000000 00000000 00000000 00000000 00000000 00000000 00000000 00000012
018895b3 00000000 000001ce 00000000 00000000 00000000 00000000 00000000 00000000 00000000 00000000 00000000 00000013
016a7f9d 00000000 000001a6 00000000 00000000 00000000 00000000 00000000 00000000 00000000 00000000 00000000 00000014
0197c226 000000b7 000001c5 00000000 00000000 00000000 00000000 00000000 00000000 00000000 00000000 00000000 00000015
01944249 00000000 000001b2 00000000 00000000 00000000 00000000 00000000 00000000 00000000 00000000 00000000 00000016
01dfaa7e 00000005 000001b1 00000000 00000000 00000000 00000000 00000000 00000000 00000000 00000000 00000000 00000017
0131dba0 00000000 00000146 00000000 00000000 00000000 00000000 00000000 00000000 00000000 00000000 00000000 00000018
01b6c6f0 0000007b 000001de 00000000 00000000 00000000 00000000 00000000 00000000 00000000 00000000 00000000 00000019
016ac1d0 00000000 0000019f 00000000 00000000 00000000 00000000 00000000 00000000 00000000 00000000 00000000 0000001a
014aca76 00000000 000001b7 00000000 00000000 00000000 00000000 00000000 00000000 00000000 00000000 00000000 0000001b
015f4779 00000000 000001a1 00000000 00000000 00000000 00000000 00000000 00000000 00000000 00000000 00000000 0000001c
01903eeb 0000002f 000001b2 00000000 00000000 00000000 00000000 00000000 00000000 00000000 00000000 00000000 0000001d
01891ce7 00000000 00000160 00000000 00000000 00000000 00000000 00000000 00000000 00000000 00000000 00000000 0000001e
016916c9 00000000 0000011d 00000000 00000000 00000000 00000000 00000000 00000000 00000000 00000000 00000000 0000001f
