03ee85c1 00000000 0000029a 00000000 00000000 00000000 00000000 00000000 00000000 00000000 00000000 00000000 00000000
0085581b 00000000 0000000d 00000000 00000000 00000000 00000000 00000000 00000000 00000000 00000000 00000000 00000001
0377372f 00000000 0000025d 00000000 00000000 00000000 00000000 00000000 00000000 00000000 00000000 00000000 00000002
04105a6b 00000000 00000216 00000000 00000000 00000000 00000000 00000000 00000000 00000000 00000000 00000000 00000003
03bad893 00000000 000002b0 00000000 00000000 00000000 00000000 00000000 00000000 00000000 00000000 00000002 00000004
03c84633 00000032 00000231 00000000 00000000 00000000 00000000 00000000 00000000 00000000 00000000 00000000 00000005
043ded52 00000000 000002d9 00000000 00000000 00000000 00000000 00000000 00000000 00000000 00000000 00000001 00000006
02ff09bc 00000000 0000026e 00000000 00000000 00000000 00000000 00000000 00000000 00000000 00000000 0000000e 00000007
023d2f6f 000000db 000001ec 00000000 00000000 00000000 00000000 00000000 00000000 00000000 00000000 00000000 00000008
0332bf45 00000000 000001f1 00000000 00000000 00000000 00000000 00000000 00000000 00000000 00000000 00000000 00000009
03d4cf44 00000000 0000023f 00000000 00000000 00000000 00000000 00000000 00000000 00000000 00000000 00000000 0000000a
03a4633d 00000040 000002a6 00000000 00000000 00000000 00000000 00000000 00000000 00000000 00000000 00000000 0000000b
02dbc1aa 00000000 0000030b 00000000 00000000 00000000 00000000 00000000 00000000 00000000 00000000 00000000 0000000c
0410e411 00000000 00000220 00000000 00000000 00000000 00000000 00000000 00000000 00000000 00000000 00000000 0000000d
035936d0 00000000 000002a6 00000000 00000000 00000000 00000000 00000000 00000000 00000000 00000000 00000000 0000000e
0335c5f6 00000000 0000024e 00000000 00000000 00000000 00000000 00000000 00000000 00000000 00000000 00000000 0000000f
037ff30d 00000000 00000260 00000000 00000000 00000000 00000000 00000000 00000000 00000000 00000000 00000000 00000010
03150881 00000000 00000243 00000000 00000000 00000000 00000000 00000000 00000000 00000000 00000000 00000000 00000011
03a7761e 00000000 000002a7 00000000 00000000 00000000 00000000 00000000 00000000 00000000 00000000 00000000 00000012
03466426 00000000 000002da 00000000 00000000 00000000 00000000 00000000 00000000 00000000 00000000 00000002 00000013
039e8111 00000000 0000028f 00000000 00000000 00000000 00000000 00000000 00000000 00000000 00000000 00000000 00000014
039f74f3 000000b7 000002d5 00000000 00000000 00000000 00000000 00000000 00000000 00000000 00000000 00000000 00000015
031cd1c8 00000000 000002ec 00000000 00000000 00000000 00000000 00000000 00000000 00000000 00000000 00000000 00000016
036e306c 00000005 000002d3 00000000 00000000 00000000 00000000 00000000 00000000 00000000 00000000 00000000 00000017
02d6c432 00000000 00000298 00000000 00000000 00000000 00000000 00000000 00000000 00000000 00000000 00000000 00000018
040c55b4 0000007b 000002bc 00000000 00000000 00000000 00000000 00000000 00000000 00000000 00000000 00000000 00000019
03944f78 00000000 00000296 00000000 00000000 00000000 00000000 00000000 00000000 00000000 00000000 00000007 0000001a
02d1a846 00000000 000002d9 00000000 00000000 00000000 00000000 00000000 00000000 00000000 00000000 00000000 0000001b
0436ffaf 00000000 00000283 00000000 00000000 00000000 00000000 00000000 00000000 00000000 00000000 00000002 0000001c
04406ff3 0000002f 00000271 00000000 00000000 00000000 00000000 00000000 00000000 00000000 00000000 00000000 0000001d
044cf1be 00000000 0000023d 00000000 00000000 00000000 00000000 00000000 00000000 00000000 00000000 00000000 0000001e
044eae24 00000000 00000209 00000000 00000000 00000000 00000000 00000000 00000000 00000000 00000000 00000022 0000001f
