0047f515 00000000 00000de0 00000000 00000000 00000000 00000000 00000000 00000000 00000000 00000000 00000009 00000000
00093071 00000000 0000005d 00000000 00000000 00000000 00000000 00000000 00000000 00000000 00000000 00000000 00000001
004228cf 00000000 00001206 00000000 00000000 00000000 00000000 00000000 00000000 00000000 00000000 00000034 00000002
0048f9c4 00000000 00001840 00000000 00000000 00000000 00000000 00000000 00000000 00000000 00000000 00000001 00000003
00429caa 00000000 00001991 00000000 00000000 00000000 00000000 00000000 00000000 00000000 00000000 00000003 00000004
004c5944 00000000 00001d8d 00000000 00000000 00000000 00000000 00000000 00000000 00000000 00000000 00000004 00000005
004b0388 00000000 000020d9 00000000 00000000 00000000 00000000 00000000 00000000 00000000 00000000 00000017 00000006
004bdc05 00000000 000020a2 00000000 00000000 00000000 00000000 00000000 00000000 00000000 00000000 0000001d 00000007
00527f61 00000000 00001d5e 00000000 00000000 00000000 00000000 00000000 00000000 00000000 00000000 00000000 00000008
003eecf7 00000000 0000148c 00000000 00000000 00000000 00000000 00000000 00000000 00000000 00000000 00000000 00000009
003f7d5a 00000000 00001826 00000000 00000000 00000000 00000000 00000000 00000000 00000000 00000000 00000001 0000000a
004a7df8 00000000 00001dc2 00000000 00000000 00000000 00000000 00000000 00000000 00000000 00000000 00000009 0000000b
0032ce19 00000000 0000110a 00000000 00000000 00000000 00000000 00000000 00000000 00000000 00000000 00000019 0000000c
0047d0fb 00000000 00001591 00000000 00000000 00000000 00000000 00000000 00000000 00000000 00000000 00000064 0000000d
0040d8bc 00000000 000013ed 00000000 00000000 00000000 00000000 00000000 00000000 00000000 00000000 00000005 0000000e
004c5885 00000000 00001829 00000000 00000000 00000000 00000000 00000000 00000000 00000000 00000000 0000000c 0000000f
004a3fab 00000000 00002088 00000000 00000000 00000000 00000000 00000000 00000000 00000000 00000000 00000005 00000010
0044be1e 00000000 00001f0e 00000000 00000000 00000000 00000000 00000000 00000000 00000000 00000000 0000000a 00000011
00492277 00000000 00001aca 00000000 00000000 00000000 00000000 00000000 00000000 00000000 00000000 00000003 00000012
00490aa0 00000000 00001abb 00000000 00000000 00000000 00000000 00000000 00000000 00000000 00000000 00000007 00000013
0052d0a6 00000000 00001bd2 00000000 00000000 00000000 00000000 00000000 00000000 00000000 00000000 00000019 00000014
00407047 00000000 000010c5 00000000 00000000 00000000 00000000 00000000 00000000 00000000 00000000 00000011 00000015
003ffa65 00000000 000014bc 00000000 00000000 00000000 00000000 00000000 00000000 00000000 00000000 00000006 00000016
004318f3 00000000 0000167d 00000000 00000000 00000000 00000000 00000000 00000000 00000000 00000000 00000002 00000017
003b2f17 00000000 00000ff8 00000000 00000000 00000000 00000000 00000000 00000000 00000000 00000000 00000000 00000018
0046a88d 00000000 0000183a 00000000 00000000 00000000 00000000 00000000 00000000 00000000 00000000 00000005 00000019
00480bff 00000000 000019f1 00000000 00000000 00000000 00000000 00000000 00000000 00000000 00000000 00000018 0000001a
004791e3 00000000 0000169e 00000000 00000000 00000000 00000000 00000000 00000000 00000000 00000000 00000007 0000001b
00509fe7 00000000 00001f77 00000000 00000000 00000000 00000000 00000000 00000000 00000000 00000000 00000016 0000001c
004392f7 00000000 000019a2 00000000 00000000 00000000 00000000 00000000 00000000 00000000 00000000 00000011 0000001d
003314a8 00000000 00000cbf 00000000 00000000 00000000 00000000 00000000 00000000 00000000 00000000 0000001d 0000001e
00400818 00000000 0000191a 00000000 00000000 00000000 00000000 00000000 00000000 00000000 00000000 00000007 0000001f
