           CPU0       CPU1       CPU2       CPU3       CPU4       CPU5       CPU6       CPU7       CPU8       CPU9       CPU10      CPU11      CPU12      CPU13      CPU14      CPU15      CPU16      CPU17      CPU18      CPU19      CPU20      CPU21      CPU22      CPU23      CPU24      CPU25      CPU26      CPU27      CPU28      CPU29      CPU30      CPU31      
  4:          0          0        963          0          0         13          0          0          0          0          0          0          0          0          0          0          0          0          0          0          0          0          0          0          0          0          0          0          0          0          0          0   IO-APIC   4-edge      ttyS0
  8:          0          0          0          0          0          0          0          0          0          0          0          0          0          0          0          0          0          0          0          0          0          0          0          0          0          0          0          0          0          0          0          0   IO-APIC   8-edge      rtc0
  9:          0          0          0          0          0          0          0          0          0          0          0          0          0          0          0          0          0          0          0          0          0          0          0          0          0          0          0          0          0          0          0          0   IO-APIC   9-fasteoi   acpi
 24:          0          0          0       1503          0          0          0          0          0          0          0          0          0          0          0          0          0          0          0          0          0          0          0          0          0          0       4971          0          0          0          0          0  Hyper-V PCIe MSI 2353910546432-edge      mlx4-async@pci:4482:00:02.0
 25:         87          0          0          0          1          0          0          0          0          0          0          0          0          0          0          0          0          0          0          0          0          0          0          0          0          0          0          0          0          0       1154          0  Hyper-V PCIe MSI 2353910546433-edge      mlx4-1@4482:00:02.0
 26:          0          9          0      10045          0          1          0          0          0          0          0          0          0          0          0          0          0          0          0          0          0          0          0          0          0          0          0          0          0          0          0          0  Hyper-V PCIe MSI 2353910546434-edge      mlx4-2@4482:00:02.0
 27:          0          0         36          0          0          0          1          0          0          0          0          0          0          0          0          0          0          0          0          0          0        872          0          0          0          0          0          0          0          0          0          0  Hyper-V PCIe MSI 2353910546435-edge      mlx4-3@4482:00:02.0
 28:          0          0          0         31          0          0          0          1          0          0          0          0          0          0        990          0          0          0          0          0          0          0          0          0          0          0          0          0          0          0          0          0  Hyper-V PCIe MSI 2353910546436-edge      mlx4-4@4482:00:02.0
 29:          0          0          0          0        304          0          0          0          1        547          0          0          0          0          0          0          0          0          0          0          0          0          0          0          0          0          0          0          0          0          0          0  Hyper-V PCIe MSI 2353910546437-edge      mlx4-5@4482:00:02.0
 30:          0          0          0          0          0          0          0          0          0          1          0          0          0          0          0          0          0          0          0          0          0          0          0          0          0          0          0          0       5016          0          0          0  Hyper-V PCIe MSI 2353910546438-edge      mlx4-6@4482:00:02.0
 31:          0          0          0          0          0          0         75          0          0          0          1          0          0          0          0          0          0          0          0          0          0          0       1218          0          0          0          0          0          0          0          0          0  Hyper-V PCIe MSI 2353910546439-edge      mlx4-7@4482:00:02.0
 32:          0          0          0          0          0       4523          0         63          0          0          0          1          0          0          0          0          0          0          0          0          0          0          0          0          0          0          0          0          0          0          0          0  Hyper-V PCIe MSI 2353910546440-edge      mlx4-8@4482:00:02.0
 33:          0          0          0          0          0          0          0          0          6          0          0          0       1242          0          0          0          0          0          0          0          0          0          0          0          0          0          0          0          0          0          0          0  Hyper-V PCIe MSI 2353910546441-edge      mlx4-9@4482:00:02.0
 34:          0          0          0          0          0          0          0          0          0         24          0          0          0          1          0          0       2986          0          0          0          0          0          0          0          0          0          0          0          0          0          0          0  Hyper-V PCIe MSI 2353910546442-edge      mlx4-10@4482:00:02.0
 35:          0          0          0          0          0          0          0          0          0          0         62          0          0          0          1          0          0          0          0          0       1999          0          0          0          0          0          0          0          0          0          0          0  Hyper-V PCIe MSI 2353910546443-edge      mlx4-11@4482:00:02.0
 36:          0          0          0          0          0          0          0          0          0          0          0          6          0          0          0          1          0          0          0          0          0          0          0          0        931          0          0          0          0          0          0          0  Hyper-V PCIe MSI 2353910546444-edge      mlx4-12@4482:00:02.0
 37:          0          0          0          0          0          0          0          0          0          0          0        786         64          0          0          0          1          0          0          0          0          0          0          0          0          0          0          0          0          0          0          0  Hyper-V PCIe MSI 2353910546445-edge      mlx4-13@4482:00:02.0
 38:          0        412          0          0          0          0          0          0          0          0          0          0          0         52          0          0          0          1          0          0          0          0          0          0          0          0          0          0          0          0          0          0  Hyper-V PCIe MSI 2353910546446-edge      mlx4-14@4482:00:02.0
 39:          0          0          0          0          0          0          0       2057          0          0          0          0          0          0          3          0          0          0          1          0          0          0          0          0          0          0          0          0          0          0          0          0  Hyper-V PCIe MSI 2353910546447-edge      mlx4-15@4482:00:02.0
 40:          0          0          0          0          0          0          0          0          0          0          0          0          0          0          0         24          0          0        239          1          0          0          0          0          0          0          0          0          0          0          0          0  Hyper-V PCIe MSI 2353910546448-edge      mlx4-16@4482:00:02.0
NMI:          0          0          0          0          0          0          0          0          0          0          0          0          0          0          0          0          0          0          0          0          0          0          0          0          0          0          0          0          0          0          0          0   Non-maskable interrupts
LOC:          0          0          0          0          0          0          0          0          0          0          0          0          0          0          0          0          0          0          0          0          0          0          0          0          0          0          0          0          0          0          0          0   Local timer interrupts
SPU:          0          0          0          0          0          0          0          0          0          0          0          0          0          0          0          0          0          0          0          0          0          0          0          0          0          0          0          0          0          0          0          0   Spurious interrupts
PMI:          0          0          0          0          0          0          0          0          0          0          0          0          0          0          0          0          0          0          0          0          0          0          0          0          0          0          0          0          0          0          0          0   Performance monitoring interrupts
IWI:          7         60          6         58         24          5          0        166          1          1          5          3          4          7         13          0         10          9          5         22         16          5         26         10          5         10         13          6          5         11          6          4   IRQ work interrupts
RTR:          0          0          0          0          0          0          0          0          0          0          0          0          0          0          0          0          0          0          0          0          0          0          0          0          0          0          0          0          0          0          0          0   APIC ICR read retries
RES:        834        852        836        617        713        663        987        586       1042        553       1241        542       1006        639       1186        586       1090        459       1243        421        971        619       1247        515        951        595       1203        444       1355        319        961        618   Rescheduling interrupts
CAL:      36718      38496      39652      27451      47299      22639      27515      29380      24025      24476      41033      26983      41165      24003      30084      35351      27457      38511      34835      26464      36200      17881      35598      20678      40371      20508      47638      19038      37113      15589      26610      24447   Function call interrupts
TLB:          0          0          0          0          0          0          0          0          0          0          0          0          0          0          0          0          0          0          0          0          0          0          0          0          0          0          0          0          0          0          0          0   TLB shootdowns
TRM:          0          0          0          0          0          0          0          0          0          0          0          0          0          0          0          0          0          0          0          0          0          0          0          0          0          0          0          0          0          0          0          0   Thermal event interrupts
THR:          0          0          0          0          0          0          0          0          0          0          0          0          0          0          0          0          0          0          0          0          0          0          0          0          0          0          0          0          0          0          0          0   Threshold APIC interrupts
DFR:          0          0          0          0          0          0          0          0          0          0          0          0          0          0          0          0          0          0          0          0          0          0          0          0          0          0          0          0          0          0          0          0   Deferred Error APIC interrupts
MCE:          0          0          0          0          0          0          0          0          0          0          0          0          0          0          0          0          0          0          0          0          0          0          0          0          0          0          0          0          0          0          0          0   Machine check exceptions
MCP:          2          2          2          2          2          2          2          2          2          2          2          2          2          2          2          2          2          2          2          2          2          2          2          2          2          2          2          2          2          2          2          2   Machine check polls
HYP:       2410       5555          7       2819       7166      19462       9682       4289       4284      10762          0          0          0          0          1         15         14        519        131        205        187         78        557        173        451        104        415        479        100        140        117        106   Hypervisor callback interrupts
HRE:          0          0          0          0          0          0          0          0          0          0          0          0          0          0          0          0          0          0          0          0          0          0          0          0          0          0          0          0          0          0          0          0   Hyper-V reenlightenment interrupts
HVS:      15850      15638      27373      11103      21888       8819      14582      12019      23291      11489      22830      10189      20254      11253      23719       7021      20263       7457      18871      12726      16403      10360      20046       6770      17864       7526      21060      16107      21594       5964      23620      13936   Hyper-V stimer0 interrupts
ERR:          0
MIS:          0
PIN:          0          0          0          0          0          0          0          0          0          0          0          0          0          0          0          0          0          0          0          0          0          0          0          0          0          0          0          0          0          0          0          0   Posted-interrupt notification event
NPI:          0          0          0          0          0          0          0          0          0          0          0          0          0          0          0          0          0          0          0          0          0          0          0          0          0          0          0          0          0          0          0          0   Nested posted-interrupt event
PIW:          0          0          0          0          0          0          0          0          0          0          0          0          0          0          0          0          0          0          0          0          0          0          0          0          0          0          0          0          0          0          0          0   Posted-interrupt wakeup event
