0020ece7 00000000 000000ab 00000000 00000000 00000000 00000000 00000000 00000000 00000000 00000000 00000000 00000000
01c87348 00000000 0000069e 00000000 00000000 00000000 00000000 00000000 00000000 00000000 00000000 00000001 00000001
00209d5b 00000000 00000096 00000000 00000000 00000000 00000000 00000000 00000000 00000000 00000000 00000000 00000002
0165cac3 00000000 000005c9 00000000 00000000 00000000 00000000 00000000 00000000 00000000 00000000 00000000 00000003
00212b9d 00000000 00000099 00000000 00000000 00000000 00000000 00000000 00000000 00000000 00000000 00000000 00000004
01a19767 00000000 0000066e 00000000 00000000 00000000 00000000 00000000 00000000 00000000 00000000 00000000 00000005
0020f87d 00000000 0000009e 00000000 00000000 00000000 00000000 00000000 00000000 00000000 00000000 00000000 00000006
016b5092 00000000 000005cd 00000000 00000000 00000000 00000000 00000000 00000000 00000000 00000000 00000000 00000007
0020b2c9 00000000 0000009e 00000000 00000000 00000000 00000000 00000000 00000000 00000000 00000000 00000000 00000008
018545e7 00000000 00000609 00000000 00000000 00000000 00000000 00000000 00000000 00000000 00000000 00000000 00000009
0020df1e 00000000 00000096 00000000 00000000 00000000 00000000 00000000 00000000 00000000 00000000 00000000 0000000a
01b37c2a 00000000 00000691 00000000 00000000 00000000 00000000 00000000 00000000 00000000 00000000 00000000 0000000b
018fc757 00000000 00000625 00000000 00000000 00000000 00000000 00000000 00000000 00000000 00000000 00000000 0000000c
001f5f84 00000000 0000009b 00000000 00000000 00000000 00000000 00000000 00000000 00000000 00000000 00000000 0000000d
016a923a 00000000 000005c1 00000000 00000000 00000000 00000000 00000000 00000000 00000000 00000000 00000001 0000000e
001f8a91 00000000 00000098 00000000 00000000 00000000 00000000 00000000 00000000 00000000 00000000 00000000 0000000f
0148a519 00000000 00000549 00000000 00000000 00000000 00000000 00000000 00000000 00000000 00000000 00000000 00000010
001fb4d2 00000000 000000a6 00000000 00000000 00000000 00000000 00000000 00000000 00000000 00000000 00000000 00000011
012b0200 00000000 000004c3 00000000 00000000 00000000 00000000 00000000 00000000 00000000 00000000 00000000 00000012
001f1bc0 00000000 000000a1 00000000 00000000 00000000 00000000 00000000 00000000 00000000 00000000 00000000 00000013
01e8fa9e 00000000 00000733 00000000 00000000 00000000 00000000 00000000 00000000 00000000 00000000 0000001f 00000014
01a1ede6 00000000 00000682 00000000 00000000 00000000 00000000 00000000 00000000 00000000 00000000 00000008 00000015
01b79b26 00000000 000006d2 00000000 00000000 00000000 00000000 00000000 00000000 00000000 00000000 00000000 00000016
001f8154 00000000 0000008d 00000000 00000000 00000000 00000000 00000000 00000000 00000000 00000000 00000000 00000017
01a0bf17 00000000 00000649 00000000 00000000 00000000 00000000 00000000 00000000 00000000 00000000 00000000 00000018
001fc67b 00000000 0000009d 00000000 00000000 00000000 00000000 00000000 00000000 00000000 00000000 00000000 00000019
002168d4 00000000 000000b4 00000000 00000000 00000000 00000000 00000000 00000000 00000000 00000000 00000000 0000001a
001f333d 00000000 000000b0 00000000 00000000 00000000 00000000 00000000 00000000 00000000 00000000 00000000 0000001b
014d96f3 00000000 0000053e 00000000 00000000 00000000 00000000 00000000 00000000 00000000 00000000 00000000 0000001c
001fbd56 00000000 000000a1 00000000 00000000 00000000 00000000 00000000 00000000 00000000 00000000 00000000 0000001d
01808880 00000000 0000062d 00000000 00000000 00000000 00000000 00000000 00000000 00000000 00000000 00000000 0000001e
001fb3d6 00000000 00000091 00000000 00000000 00000000 00000000 00000000 00000000 00000000 00000000 00000000 0000001f
