077b845d 00000000 0000000c 00000000 00000000 00000000 00000000 00000000 00000000 00000000 00000000 00000000 00000000
01d0aea0 00000000 00000003 00000000 00000000 00000000 00000000 00000000 00000000 00000000 00000000 00000000 00000001
06d791f3 00000000 00000007 00000000 00000000 00000000 00000000 00000000 00000000 00000000 00000000 00000000 00000002
07e958d2 00000000 00000006 00000000 00000000 00000000 00000000 00000000 00000000 00000000 00000000 00000000 00000003
06982f82 00000000 00000023 00000000 00000000 00000000 00000000 00000000 00000000 00000000 00000000 00000000 00000004
0758c977 00000000 0000001e 00000000 00000000 00000000 00000000 00000000 00000000 00000000 00000000 00000000 00000005
08342059 00000000 00000016 00000000 00000000 00000000 00000000 00000000 00000000 00000000 00000000 00000000 00000006
072a38e8 00000000 00000016 00000000 00000000 00000000 00000000 00000000 00000000 00000000 00000000 00000000 00000007
07483088 00000000 0000000f 00000000 00000000 00000000 00000000 00000000 00000000 00000000 00000000 00000000 00000008
0755c575 00000000 00000013 00000000 00000000 00000000 00000000 00000000 00000000 00000000 00000000 00000000 00000009
06c9b9a0 00000001 00000012 00000000 00000000 00000000 00000000 00000000 00000000 00000000 00000000 00000000 0000000a
06206b7b 00000000 0000000c 00000000 00000000 00000000 00000000 00000000 00000000 00000000 00000000 00000000 0000000b
05fb198b 00000000 00000011 00000000 00000000 00000000 00000000 00000000 00000000 00000000 00000000 00000000 0000000c
06b620b1 00000000 00000014 00000000 00000000 00000000 00000000 00000000 00000000 00000000 00000000 00000000 0000000d
08456294 00000000 00000004 00000000 00000000 00000000 00000000 00000000 00000000 00000000 00000000 00000000 0000000e
06353b78 00000000 00000008 00000000 00000000 00000000 00000000 00000000 00000000 00000000 00000000 00000000 0000000f
070279d4 00000000 00000005 00000000 00000000 00000000 00000000 00000000 00000000 00000000 00000000 00000000 00000010
07084f4f 00000000 00000001 00000000 00000000 00000000 00000000 00000000 00000000 00000000 00000000 00000000 00000011
0776f627 00000000 00000011 00000000 00000000 00000000 00000000 00000000 00000000 00000000 00000000 00000000 00000012
06f04e25 00000000 00000011 00000000 00000000 00000000 00000000 00000000 00000000 00000000 00000000 00000000 00000013
075f6f18 00000000 00000012 00000000 00000000 00000000 00000000 00000000 00000000 00000000 00000000 00000000 00000014
0760259e 00000000 00000009 00000000 00000000 00000000 00000000 00000000 00000000 00000000 00000000 00000000 00000015
07ca1fe4 00000000 00000017 00000000 00000000 00000000 00000000 00000000 00000000 00000000 00000000 00000000 00000016
05b910f3 00000000 0000001a 00000000 00000000 00000000 00000000 00000000 00000000 00000000 00000000 00000000 00000017
078344a5 00000000 0000000b 00000000 00000000 00000000 00000000 00000000 00000000 00000000 00000000 00000000 00000018
06b44dea 00000000 0000000b 00000000 00000000 00000000 00000000 00000000 00000000 00000000 00000000 00000000 00000019
05e58d62 00000000 00000007 00000000 00000000 00000000 00000000 00000000 00000000 00000000 00000000 00000000 0000001a
078c123f 00000000 00000008 00000000 00000000 00000000 00000000 00000000 00000000 00000000 00000000 00000000 0000001b
06829b9b 00000000 0000000d 00000000 00000000 00000000 00000000 00000000 00000000 00000000 00000000 00000000 0000001c
06b625d7 00000000 00000010 00000000 00000000 00000000 00000000 00000000 00000000 00000000 00000000 00000000 0000001d
071873dd 00000000 0000000a 00000000 00000000 00000000 00000000 00000000 00000000 00000000 00000000 00000000 0000001e
065f3dc7 00000000 0000000a 00000000 00000000 00000000 00000000 00000000 00000000 00000000 00000000 00000000 0000001f
