09624d8b 00000000 00000011 00000000 00000000 00000000 00000000 00000000 00000000 00000000 00000000 00000000 00000000
01ee269a 00000000 00000004 00000000 00000000 00000000 00000000 00000000 00000000 00000000 00000000 00000000 00000001
08aceb7d 00000000 00000007 00000000 00000000 00000000 00000000 00000000 00000000 00000000 00000000 00000000 00000002
0a865379 00000000 00000008 00000000 00000000 00000000 00000000 00000000 00000000 00000000 00000000 00000000 00000003
095e41b4 00000000 00000027 00000000 00000000 00000000 00000000 00000000 00000000 00000000 00000000 00000000 00000004
0b7c9037 00000000 00000021 00000000 00000000 00000000 00000000 00000000 00000000 00000000 00000000 00000000 00000005
09ab2ec2 00000000 00000018 00000000 00000000 00000000 00000000 00000000 00000000 00000000 00000000 00000000 00000006
078de468 00000000 00000016 00000000 00000000 00000000 00000000 00000000 00000000 00000000 00000000 00000000 00000007
098f0c65 00000000 00000011 00000000 00000000 00000000 00000000 00000000 00000000 00000000 00000000 00000000 00000008
0a1a9873 00000000 00000014 00000000 00000000 00000000 00000000 00000000 00000000 00000000 00000000 00000000 00000009
08cc9878 00000001 00000014 00000000 00000000 00000000 00000000 00000000 00000000 00000000 00000000 00000000 0000000a
07ffd284 00000000 0000000d 00000000 00000000 00000000 00000000 00000000 00000000 00000000 00000000 00000000 0000000b
08be1df8 00000000 00000012 00000000 00000000 00000000 00000000 00000000 00000000 00000000 00000000 00000000 0000000c
07db68a7 00000000 00000015 00000000 00000000 00000000 00000000 00000000 00000000 00000000 00000000 00000000 0000000d
09b20497 00000000 00000004 00000000 00000000 00000000 00000000 00000000 00000000 00000000 00000000 00000000 0000000e
08fac118 00000000 00000009 00000000 00000000 00000000 00000000 00000000 00000000 00000000 00000000 00000000 0000000f
0950c929 00000000 00000005 00000000 00000000 00000000 00000000 00000000 00000000 00000000 00000000 00000000 00000010
08c350ba 00000000 00000001 00000000 00000000 00000000 00000000 00000000 00000000 00000000 00000000 00000000 00000011
0a4acdcd 00000000 00000011 00000000 00000000 00000000 00000000 00000000 00000000 00000000 00000000 00000010 00000012
08ffdcec 00000000 00000014 00000000 00000000 00000000 00000000 00000000 00000000 00000000 00000000 00000000 00000013
0892e539 00000000 00000012 00000000 00000000 00000000 00000000 00000000 00000000 00000000 00000000 00000000 00000014
09bc9b37 00000000 00000009 00000000 00000000 00000000 00000000 00000000 00000000 00000000 00000000 00000000 00000015
0a96edf4 00000000 0000001c 00000000 00000000 00000000 00000000 00000000 00000000 00000000 00000000 00000000 00000016
0864ef13 00000000 0000001c 00000000 00000000 00000000 00000000 00000000 00000000 00000000 00000000 00000000 00000017
0a42463c 00000000 0000000b 00000000 00000000 00000000 00000000 00000000 00000000 00000000 00000000 00000000 00000018
0a078a4f 00000000 0000000b 00000000 00000000 00000000 00000000 00000000 00000000 00000000 00000000 00000000 00000019
0a96fece 00000000 0000000c 00000000 00000000 00000000 00000000 00000000 00000000 00000000 00000000 00000000 0000001a
090abcd9 00000000 0000000a 00000000 00000000 00000000 00000000 00000000 00000000 00000000 00000000 00000000 0000001b
09073a36 00000000 0000000f 00000000 00000000 00000000 00000000 00000000 00000000 00000000 00000000 00000000 0000001c
095b7392 00000000 00000013 00000000 00000000 00000000 00000000 00000000 00000000 00000000 00000000 00000000 0000001d
0848cb1f 00000000 0000000a 00000000 00000000 00000000 00000000 00000000 00000000 00000000 00000000 00000000 0000001e
0793effe 00000000 0000000b 00000000 00000000 00000000 00000000 00000000 00000000 00000000 00000000 00000000 0000001f
