           CPU0       CPU1       CPU2       CPU3       CPU4       CPU5       CPU6       CPU7       CPU8       CPU9       CPU10      CPU11      CPU12      CPU13      CPU14      CPU15      CPU16      CPU17      CPU18      CPU19      CPU20      CPU21      CPU22      CPU23      CPU24      CPU25      CPU26      CPU27      CPU28      CPU29      CPU30      CPU31      
  4:          0          0        806          0          0          0          0          0          0          0          0          0          0          0          0          0          0          0          0          0          0          0          0          0          0          0          0          0          0          0          0         11   IO-APIC   4-edge      ttyS0
  8:          0          0          0          0          0          0          0          0          0          0          0          0          0          0          0          0          0          0          0          0          0          0          0          0          0          0          0          0          0          0          0          0   IO-APIC   8-edge      rtc0
  9:          0          0          0          0          0          0          0          0          0          0          0          0          0          0          0          0          0          0          0          0          0          0          0          0          0          0          0          0          0          0          0          0   IO-APIC   9-fasteoi   acpi
 24:          0    1582283          0       2321          0          0          0          0          0          0          0          0          0          0          0          0          0          0          0          0          0          0          0          0          0          0          0          0          0          0          0          0  Hyper-V PCIe MSI 7119310979072-edge      mlx5_async0@pci:cf33:00:02.0
 25:    5651466          0          0          0          1          0          0          0          0          0          0          0          0          0          0          0          0          0          0          0          0          0          0          0          0          0          0          0          0          0          0          0  Hyper-V PCIe MSI 7119310979073-edge      mlx5_comp0@pci:cf33:00:02.0
 26:          0         30          0          0          0          1          0          0          0          0          0          0          0          0          0          0          0          0          0          0    5713871          0          0          0          0          0          0          0          0          0          0          0  Hyper-V PCIe MSI 7119310979074-edge      mlx5_comp1@pci:cf33:00:02.0
 27:          0          0        230          0          0          0          1          0          0          0          0          0          0          0          0          0          0          0          0          0          0    5729047          0          0          0          0          0          0          0          0          0          0  Hyper-V PCIe MSI 7119310979075-edge      mlx5_comp2@pci:cf33:00:02.0
 28:          0          0          0         32          0          0    5945318          1          0          0          0          0          0          0          0          0          0          0          0          0          0          0          0          0          0          0          0          0          0          0          0          0  Hyper-V PCIe MSI 7119310979076-edge      mlx5_comp3@pci:cf33:00:02.0
 29:          0          0          0          0         19          0          0    6414605          1          0          0          0          0          0          0          0          0          0          0          0          0          0          0          0          0          0          0          0          0          0          0          0  Hyper-V PCIe MSI 7119310979077-edge      mlx5_comp4@pci:cf33:00:02.0
 30:          0          0          0          0          0    5436556          0          0          0          1          0          0          0          0          0          0          0          0          0          0          0          0          0          0          0          0          0          0          0          0          0          0  Hyper-V PCIe MSI 7119310979078-edge      mlx5_comp5@pci:cf33:00:02.0
 31:          0          0          0          0    5839754          0          3          0          0          0          1          0          0          0          0          0          0          0          0          0          0          0          0          0          0          0          0          0          0          0          0          0  Hyper-V PCIe MSI 7119310979079-edge      mlx5_comp6@pci:cf33:00:02.0
 32:          0          0          0    6331870          0          0          0        179          0          0          0          1          0          0          0          0          0          0          0          0          0          0          0          0          0          0          0          0          0          0          0          0  Hyper-V PCIe MSI 7119310979080-edge      mlx5_comp7@pci:cf33:00:02.0
 33:          0          0    5852996          0          0          0          0          0         10          0          0          0          1          0          0          0          0          0          0          0          0          0          0          0          0          0          0          0          0          0          0          0  Hyper-V PCIe MSI 7119310979081-edge      mlx5_comp8@pci:cf33:00:02.0
 34:          0          0          0          0          0          0          0          0          0         13          0          0          0          1          0          0          0          0          0          0          0          0    5899415          0          0          0          0          0          0          0          0          0  Hyper-V PCIe MSI 7119310979082-edge      mlx5_comp9@pci:cf33:00:02.0
 35:          0          0          0          0          0          0          0          0          0          0          3          0          0          0          1          0          0          0          0          0          0          0          0    5712080          0          0          0          0          0          0          0          0  Hyper-V PCIe MSI 7119310979083-edge      mlx5_comp10@pci:cf33:00:02.0
 36:          0          0          0          0          0          0          0          0          0          0    6136767         13          0          0          0          1          0          0          0          0          0          0          0          0          0          0          0          0          0          0          0          0  Hyper-V PCIe MSI 7119310979084-edge      mlx5_comp11@pci:cf33:00:02.0
 37:          0          0          0          0          0          0          0          0          0          0          0    5882153          4          0          0          0          1          0          0          0          0          0          0          0          0          0          0          0          0          0          0          0  Hyper-V PCIe MSI 7119310979085-edge      mlx5_comp12@pci:cf33:00:02.0
 38:          0          0          0          0          0          0          0          0          0          0          0          0          0          3          0          0          0          1          0          0          0          0          0          0          0          0          0          0          0    6254314          0          0  Hyper-V PCIe MSI 7119310979086-edge      mlx5_comp13@pci:cf33:00:02.0
 39:          0          0          0          0          0          0          0          0          0          0          0          0          0          0         11          0          0          0          1          0          0          0          0          0          0          0          0          0    6062628          0          0          0  Hyper-V PCIe MSI 7119310979087-edge      mlx5_comp14@pci:cf33:00:02.0
 40:          0          0          0          0          0          0          0          0          0          0          0          0          0          0          0         39          0          0          0          1          0          0          0          0          0          0    5883028          0          0          0          0          0  Hyper-V PCIe MSI 7119310979088-edge      mlx5_comp15@pci:cf33:00:02.0
 41:          0          0          0          0          0          0          0          0          0          0          0          0          0          0          0          0          3          0          0          0          1          0          0          0          0          0          0    6086093          0          0          0          0  Hyper-V PCIe MSI 7119310979089-edge      mlx5_comp16@pci:cf33:00:02.0
 42:          0          0          0          0          0          0          0          0          0          0          0          0          0          0          0          0          0          8          0          0          0          1          0          0    5894769          0          0          0          0          0          0          0  Hyper-V PCIe MSI 7119310979090-edge      mlx5_comp17@pci:cf33:00:02.0
 43:          0          0          0          0          0          0          0          0          0          0          0          0          0          0          0          0          0          0         11          0          0          0          1          0          0    5646972          0          0          0          0          0          0  Hyper-V PCIe MSI 7119310979091-edge      mlx5_comp18@pci:cf33:00:02.0
 44:          0          0          0          0          0          0          0          0          0          0          0          0    5844341          0          0          0          0          0          0         37          0          0          0          1          0          0          0          0          0          0          0          0  Hyper-V PCIe MSI 7119310979092-edge      mlx5_comp19@pci:cf33:00:02.0
 45:          0          0          0          0          0          0          0          0          0          0          0          0          0    6039703          0          0          0          0          0          0        550          0          0          0          1          0          0          0          0          0          0          0  Hyper-V PCIe MSI 7119310979093-edge      mlx5_comp20@pci:cf33:00:02.0
 46:          0          0          0          0          0          0          0          0    6029749          0          0          0          0          0          0          0          0          0          0          0          0         17          0          0          0          1          0          0          0          0          0          0  Hyper-V PCIe MSI 7119310979094-edge      mlx5_comp21@pci:cf33:00:02.0
 47:          0          0          0          0          0          0          0          0          0    6230495          0          0          0          0          0          0          0          0          0          0          0          0          8          0          0          0          1          0          0          0          0          0  Hyper-V PCIe MSI 7119310979095-edge      mlx5_comp22@pci:cf33:00:02.0
 48:          0          0          0          0          0          0          0          0          0          0          0          0          0          0          0          0          0          0          0    6486707          0          0          0         34          0          0          0          1          0          0          0          0  Hyper-V PCIe MSI 7119310979096-edge      mlx5_comp23@pci:cf33:00:02.0
 49:          0          0          0          0          0          0          0          0          0          0          0          0          0          0          0          0          0          0    5797019          0          0          0          0          0         17          0          0          0          1          0          0          0  Hyper-V PCIe MSI 7119310979097-edge      mlx5_comp24@pci:cf33:00:02.0
 50:          0          0          0          0          0          0          0          0          0          0          0          0          0          0          0          0    6171474          0          0          0          0          0          0          0          0         31          0          0          0          1          0          0  Hyper-V PCIe MSI 7119310979098-edge      mlx5_comp25@pci:cf33:00:02.0
 51:          0          0          0          0          0          0          0          0          0          0          0          0          0          0          0          0          0    6268341          0          0          0          0          0          0          0          0         41          0          0          0          1          0  Hyper-V PCIe MSI 7119310979099-edge      mlx5_comp26@pci:cf33:00:02.0
 52:          0          0          0          0          0          0          0          0          0          0          0          0          0          0    6162266          0          0          0          0          0          0          0          0          0          0          0          0         42          0          0          0          1  Hyper-V PCIe MSI 7119310979100-edge      mlx5_comp27@pci:cf33:00:02.0
 53:          1          0          0          0          0          0          0          0          0          0          0          0          0          0          0    5912133          0          0          0          0          0          0          0          0          0          0          0          0         16          0          0          0  Hyper-V PCIe MSI 7119310979101-edge      mlx5_comp28@pci:cf33:00:02.0
 54:          0          1          0          0          0          0          0          0          0          0          0          0          0          0          0          0          0          0          0          0          0          0          0          0          0          0          0          0          0         15    5898540          0  Hyper-V PCIe MSI 7119310979102-edge      mlx5_comp29@pci:cf33:00:02.0
 55:          0          0          1          0          0          0          0          0          0          0          0          0          0          0          0          0          0          0          0          0          0          0          0          0          0          0          0          0          0          0         28    6030940  Hyper-V PCIe MSI 7119310979103-edge      mlx5_comp30@pci:cf33:00:02.0
NMI:          0          0          0          0          0          0          0          0          0          0          0          0          0          0          0          0          0          0          0          0          0          0          0          0          0          0          0          0          0          0          0          0   Non-maskable interrupts
LOC:          0          0          0          0          0          0          0          0          0          0          0          0          0          0          0          0          0          0          0          0          0          0          0          0          0          0          0          0          0          0          0          0   Local timer interrupts
SPU:          0          0          0          0          0          0          0          0          0          0          0          0          0          0          0          0          0          0          0          0          0          0          0          0          0          0          0          0          0          0          0          0   Spurious interrupts
PMI:          0          0          0          0          0          0          0          0          0          0          0          0          0          0          0          0          0          0          0          0          0          0          0          0          0          0          0          0          0          0          0          0   Performance monitoring interrupts
IWI:        289        244        219        202        244        188        216        167        233        241        289        166        285        227        213        189        320        249        295        296        341        221        332        282        312        225        297        227        244        236        286        230   IRQ work interrupts
RTR:          0          0          0          0          0          0          0          0          0          0          0          0          0          0          0          0          0          0          0          0          0          0          0          0          0          0          0          0          0          0          0          0   APIC ICR read retries
RES:     125011       6322     131964     148772     116728     116180     137901     141595     165823     161746     137784     130142     134357     134301     135433     134596     131945     127676     159261     135057     107292     100226     127606     145734     136084     107326     149385     136170     148982     146800     115715     137797   Rescheduling interrupts
CAL:      75053      62003      69649      55458      58608      48748      66144      59801      77980      69306      57076      50076      75609      48402      67790      57455      63576      47976      76858      53989      58801      51683      97207      58177      66814      39296      64122      42698      67745      47298      59478      45469   Function call interrupts
TLB:          0          0          0          0          0          0          0          0          0          0          0          0          0          0          0          0          0          0          0          0          0          0          0          0          0          0          0          0          0          0          0          0   TLB shootdowns
TRM:          0          0          0          0          0          0          0          0          0          0          0          0          0          0          0          0          0          0          0          0          0          0          0          0          0          0          0          0          0          0          0          0   Thermal event interrupts
THR:          0          0          0          0          0          0          0          0          0          0          0          0          0          0          0          0          0          0          0          0          0          0          0          0          0          0          0          0          0          0          0          0   Threshold APIC interrupts
DFR:          0          0          0          0          0          0          0          0          0          0          0          0          0          0          0          0          0          0          0          0          0          0          0          0          0          0          0          0          0          0          0          0   Deferred Error APIC interrupts
MCE:          0          0          0          0          0          0          0          0          0          0          0          0          0          0          0          0          0          0          0          0          0          0          0          0          0          0          0          0          0          0          0          0   Machine check exceptions
MCP:          3          3          3          3          3          3          3          3          3          3          3          3          3          3          3          3          3          3          3          3          3          3          3          3          3          3          3          3          3          3          3          3   Machine check polls
HYP:       6833      10827         29      13016          8          0      12042          0          0      20800          0          0      14014          0      10167      11787       9289       2050       1537       1493       1522       1254       1238        976        510        856       1264        745       1452       1472       1317       1254   Hypervisor callback interrupts
HRE:          0          0          0          0          0          0          0          0          0          0          0          0          0          0          0          0          0          0          0          0          0          0          0          0          0          0          0          0          0          0          0          0   Hyper-V reenlightenment interrupts
HVS:     201305     180046     189722     177015     204787     184056     198603     169162     177509     162140     186310     185242     219257     195946     212575     184671     189708     185834     200491     171929     195322     176958     185911     175510     192684     181207     212189     185326     193009     178586     185804     193685   Hyper-V stimer0 interrupts
ERR:          0
MIS:          0
PIN:          0          0          0          0          0          0          0          0          0          0          0          0          0          0          0          0          0          0          0          0          0          0          0          0          0          0          0          0          0          0          0          0   Posted-interrupt notification event
NPI:          0          0          0          0          0          0          0          0          0          0          0          0          0          0          0          0          0          0          0          0          0          0          0          0          0          0          0          0          0          0          0          0   Nested posted-interrupt event
PIW:          0          0          0          0          0          0          0          0          0          0          0          0          0          0          0          0          0          0          0          0          0          0          0          0          0          0          0          0          0          0          0          0   Posted-interrupt wakeup event
