025b7bd9 00000000 00000007 00000000 00000000 00000000 00000000 00000000 00000000 00000000 00000000 00000000 00000000
01416e3c 00000000 00000004 00000000 00000000 00000000 00000000 00000000 00000000 00000000 00000000 00000000 00000001
023ede3e 00000000 00000006 00000000 00000000 00000000 00000000 00000000 00000000 00000000 00000000 00000000 00000002
02fca6b2 00000000 00000009 00000000 00000000 00000000 00000000 00000000 00000000 00000000 00000000 00000000 00000003
02aa334f 00000000 0000000b 00000000 00000000 00000000 00000000 00000000 00000000 00000000 00000000 00000000 00000004
0234fa30 00000000 00000007 00000000 00000000 00000000 00000000 00000000 00000000 00000000 00000000 00000001 00000005
025abf59 00000000 00000006 00000000 00000000 00000000 00000000 00000000 00000000 00000000 00000000 00000000 00000006
02ce9d67 00000000 0000000c 00000000 00000000 00000000 00000000 00000000 00000000 00000000 00000000 00000009 00000007
024eeba6 00000000 00000006 00000000 00000000 00000000 00000000 00000000 00000000 00000000 00000000 00000000 00000008
02682906 00000000 0000000c 00000000 00000000 00000000 00000000 00000000 00000000 00000000 00000000 00000000 00000009
01c811de 00000000 00000004 00000000 00000000 00000000 00000000 00000000 00000000 00000000 00000000 00000000 0000000a
01cdec4b 00000000 00000007 00000000 00000000 00000000 00000000 00000000 00000000 00000000 00000000 00000000 0000000b
02148ea6 00000000 0000000a 00000000 00000000 00000000 00000000 00000000 00000000 00000000 00000000 00000000 0000000c
0215a2da 00000000 0000000d 00000000 00000000 00000000 00000000 00000000 00000000 00000000 00000000 00000000 0000000d
0283851a 00000000 00000014 00000000 00000000 00000000 00000000 00000000 00000000 00000000 00000000 00000000 0000000e
0211ee83 00000000 00000011 00000000 00000000 00000000 00000000 00000000 00000000 00000000 00000000 00000000 0000000f
0256318c 00000000 0000000d 00000000 00000000 00000000 00000000 00000000 00000000 00000000 00000000 00000000 00000010
025cd812 00000000 00000012 00000000 00000000 00000000 00000000 00000000 00000000 00000000 00000000 00000000 00000011
021d9c81 00000000 0000000d 00000000 00000000 00000000 00000000 00000000 00000000 00000000 00000000 00000000 00000012
028de6dc 00000000 0000000b 00000000 00000000 00000000 00000000 00000000 00000000 00000000 00000000 00000000 00000013
02012bfa 00000000 00000012 00000000 00000000 00000000 00000000 00000000 00000000 00000000 00000000 00000000 00000014
02702443 00000000 00000013 00000000 00000000 00000000 00000000 00000000 00000000 00000000 00000000 00000000 00000015
026e2ad1 00000000 00000016 00000000 00000000 00000000 00000000 00000000 00000000 00000000 00000000 00000000 00000016
0248bbe1 00000000 00000016 00000000 00000000 00000000 00000000 00000000 00000000 00000000 00000000 00000000 00000017
02380ef3 00000000 00000019 00000000 00000000 00000000 00000000 00000000 00000000 00000000 00000000 00000000 00000018
01f03aef 00000000 00000019 00000000 00000000 00000000 00000000 00000000 00000000 00000000 00000000 00000000 00000019
01da25e2 00000000 0000001a 00000000 00000000 00000000 00000000 00000000 00000000 00000000 00000000 00000000 0000001a
0252bc92 00000000 00000012 00000000 00000000 00000000 00000000 00000000 00000000 00000000 00000000 00000000 0000001b
02a65ee7 00000000 0000001f 00000000 00000000 00000000 00000000 00000000 00000000 00000000 00000000 00000000 0000001c
026ce708 00000000 00000014 00000000 00000000 00000000 00000000 00000000 00000000 00000000 00000000 00000000 0000001d
02a2d81a 00000000 0000001c 00000000 00000000 00000000 00000000 00000000 00000000 00000000 00000000 00000000 0000001e
022011e4 00000000 00000011 00000000 00000000 00000000 00000000 00000000 00000000 00000000 00000000 00000000 0000001f
