           CPU0       CPU1       CPU2       CPU3       CPU4       CPU5       CPU6       CPU7       CPU8       CPU9       CPU10      CPU11      CPU12      CPU13      CPU14      CPU15      CPU16      CPU17      CPU18      CPU19      CPU20      CPU21      CPU22      CPU23      CPU24      CPU25      CPU26      CPU27      CPU28      CPU29      CPU30      CPU31      
  4:          0          0        876          0          0          0          0          0          0          0          0          0          0          0          0          0          0          0          0          0          0          0          0          0          0          0          0          0          0          0          0         13   IO-APIC   4-edge      ttyS0
  8:          0          0          0          0          0          0          0          0          0          0          0          0          0          0          0          0          0          0          0          0          0          0          0          0          0          0          0          0          0          0          0          0   IO-APIC   8-edge      rtc0
  9:          0          0          0          0          0          0          0          0          0          0          0          0          0          0          0          0          0          0          0          0          0          0          0          0          0          0          0          0          0          0          0          0   IO-APIC   9-fasteoi   acpi
 24:          0    2586977          0       2309          0          0          0          0          0          0          0          0          0          0          0          0          0          0          0          0          0          0          0          0          0          0          0          0          0          0          0          0  Hyper-V PCIe MSI 7896297406464-edge      mlx5_async0@pci:e5d0:00:02.0
 25:    9213171          0          0          0          1          0          0          0          0          0          0          0          0          0          0          0          0          0          0          0          0          0          0          0          0          0          0          0          0          0          0          0  Hyper-V PCIe MSI 7896297406465-edge      mlx5_comp0@pci:e5d0:00:02.0
 26:          0          7          0          0          0          1          0          0          0          0          0          0          0          0          0          0          0          0          0          0    9198780          0          0          0          0          0          0          0          0          0          0          0  Hyper-V PCIe MSI 7896297406466-edge      mlx5_comp1@pci:e5d0:00:02.0
 27:          0          0         28          0          0          0          1          0          0          0          0          0          0          0          0          0          0          0          0          0          0    9368082          0          0          0          0          0          0          0          0          0          0  Hyper-V PCIe MSI 7896297406467-edge      mlx5_comp2@pci:e5d0:00:02.0
 28:          0          0          0         31          0          0    8465808          1          0          0          0          0          0          0          0          0          0          0          0          0          0          0          0          0          0          0          0          0          0          0          0          0  Hyper-V PCIe MSI 7896297406468-edge      mlx5_comp3@pci:e5d0:00:02.0
 29:          0          0          0          0         55          0          0    8484534          1          0          0          0          0          0          0          0          0          0          0          0          0          0          0          0          0          0          0          0          0          0          0          0  Hyper-V PCIe MSI 7896297406469-edge      mlx5_comp4@pci:e5d0:00:02.0
 30:          0          0          0          0          0    7722586          0          0          0          1          0          0          0          0          0          0          0          0          0          0          0          0          0          0          0          0          0          0          0          0          0          0  Hyper-V PCIe MSI 7896297406470-edge      mlx5_comp5@pci:e5d0:00:02.0
 31:          0          0          0          0    8366460          0          8          0          0          0          1          0          0          0          0          0          0          0          0          0          0          0          0          0          0          0          0          0          0          0          0          0  Hyper-V PCIe MSI 7896297406471-edge      mlx5_comp6@pci:e5d0:00:02.0
 32:          0          0          0    8922194          0          0          0          3          0          0          0          1          0          0          0          0          0          0          0          0          0          0          0          0          0          0          0          0          0          0          0          0  Hyper-V PCIe MSI 7896297406472-edge      mlx5_comp7@pci:e5d0:00:02.0
 33:          0          0    9031199          0          0          0          0          0         30          0          0          0          1          0          0          0          0          0          0          0          0          0          0          0          0          0          0          0          0          0          0          0  Hyper-V PCIe MSI 7896297406473-edge      mlx5_comp8@pci:e5d0:00:02.0
 34:          0          0          0          0          0          0          0          0          0          3          0          0          0          1          0          0          0          0          0          0          0          0    7998098          0          0          0          0          0          0          0          0          0  Hyper-V PCIe MSI 7896297406474-edge      mlx5_comp9@pci:e5d0:00:02.0
 35:          0          0          0          0          0          0          0          0          0          0          3          0          0          0          1          0          0          0          0          0          0          0          0    9528279          0          0          0          0          0          0          0          0  Hyper-V PCIe MSI 7896297406475-edge      mlx5_comp10@pci:e5d0:00:02.0
 36:          0          0          0          0          0          0          0          0          0          0    8640598         28          0          0          0          1          0          0          0          0          0          0          0          0          0          0          0          0          0          0          0          0  Hyper-V PCIe MSI 7896297406476-edge      mlx5_comp11@pci:e5d0:00:02.0
 37:          0          0          0          0          0          0          0          0          0          0          0    8718186          4          0          0          0          1          0          0          0          0          0          0          0          0          0          0          0          0          0          0          0  Hyper-V PCIe MSI 7896297406477-edge      mlx5_comp12@pci:e5d0:00:02.0
 38:          0          0          0          0          0          0          0          0          0          0          0          0          0          6          0          0          0          1          0          0          0          0          0          0          0          0          0          0          0    8123568          0          0  Hyper-V PCIe MSI 7896297406478-edge      mlx5_comp13@pci:e5d0:00:02.0
 39:          0          0          0          0          0          0          0          0          0          0          0          0          0          0          4          0          0          0          1          0          0          0          0          0          0          0          0          0    9831276          0          0          0  Hyper-V PCIe MSI 7896297406479-edge      mlx5_comp14@pci:e5d0:00:02.0
 40:          0          0          0          0          0          0          0          0          0          0          0          0          0          0          0          4          0          0          0          1          0          0          0          0          0          0    8800210          0          0          0          0          0  Hyper-V PCIe MSI 7896297406480-edge      mlx5_comp15@pci:e5d0:00:02.0
 41:          0          0          0          0          0          0          0          0          0          0          0          0          0          0          0          0         21          0          0          0          1          0          0          0          0          0          0    9163576          0          0          0          0  Hyper-V PCIe MSI 7896297406481-edge      mlx5_comp16@pci:e5d0:00:02.0
 42:          0          0          0          0          0          0          0          0          0          0          0          0          0          0          0          0          0        254          0          0          0          1          0          0    8114547          0          0          0          0          0          0          0  Hyper-V PCIe MSI 7896297406482-edge      mlx5_comp17@pci:e5d0:00:02.0
 43:          0          0          0          0          0          0          0          0          0          0          0          0          0          0          0          0          0          0         16          0          0          0          1          0          0    9043966          0          0          0          0          0          0  Hyper-V PCIe MSI 7896297406483-edge      mlx5_comp18@pci:e5d0:00:02.0
 44:          0          0          0          0          0          0          0          0          0          0          0          0    8413704          0          0          0          0          0          0         17          0          0          0          1          0          0          0          0          0          0          0          0  Hyper-V PCIe MSI 7896297406484-edge      mlx5_comp19@pci:e5d0:00:02.0
 45:          0          0          0          0          0          0          0          0          0          0          0          0          0    8987524          0          0          0          0          0          0         22          0          0          0          1          0          0          0          0          0          0          0  Hyper-V PCIe MSI 7896297406485-edge      mlx5_comp20@pci:e5d0:00:02.0
 46:          0          0          0          0          0          0          0          0    8434026          0          0          0          0          0          0          0          0          0          0          0          0         32          0          0          0          1          0          0          0          0          0          0  Hyper-V PCIe MSI 7896297406486-edge      mlx5_comp21@pci:e5d0:00:02.0
 47:          0          0          0          0          0          0          0          0          0    8543961          0          0          0          0          0          0          0          0          0          0          0          0          7          0          0          0          1          0          0          0          0          0  Hyper-V PCIe MSI 7896297406487-edge      mlx5_comp22@pci:e5d0:00:02.0
 48:          0          0          0          0          0          0          0          0          0          0          0          0          0          0          0          0          0          0          0    8273339          0          0          0         21          0          0          0          1          0          0          0          0  Hyper-V PCIe MSI 7896297406488-edge      mlx5_comp23@pci:e5d0:00:02.0
 49:          0          0          0          0          0          0          0          0          0          0          0          0          0          0          0          0          0          0    9102847          0          0          0          0          0         25          0          0          0          1          0          0          0  Hyper-V PCIe MSI 7896297406489-edge      mlx5_comp24@pci:e5d0:00:02.0
 50:          0          0          0          0          0          0          0          0          0          0          0          0          0          0          0          0    8513818          0          0          0          0          0          0          0          0         19          0          0          0          1          0          0  Hyper-V PCIe MSI 7896297406490-edge      mlx5_comp25@pci:e5d0:00:02.0
 51:          0          0          0          0          0          0          0          0          0          0          0          0          0          0          0          0          0    9761668          0          0          0          0          0          0          0          0         46          0          0          0          1          0  Hyper-V PCIe MSI 7896297406491-edge      mlx5_comp26@pci:e5d0:00:02.0
 52:          0          0          0          0          0          0          0          0          0          0          0          0          0          0    8223286          0          0          0          0          0          0          0          0          0          0          0          0          7          0          0          0          1  Hyper-V PCIe MSI 7896297406492-edge      mlx5_comp27@pci:e5d0:00:02.0
 53:          1          0          0          0          0          0          0          0          0          0          0          0          0          0          0    9840584          0          0          0          0          0          0          0          0          0          0          0          0         17          0          0          0  Hyper-V PCIe MSI 7896297406493-edge      mlx5_comp28@pci:e5d0:00:02.0
 54:          0          1          0          0          0          0          0          0          0          0          0          0          0          0          0          0          0          0          0          0          0          0          0          0          0          0          0          0          0          9    8979160          0  Hyper-V PCIe MSI 7896297406494-edge      mlx5_comp29@pci:e5d0:00:02.0
 55:          0          0          1          0          0          0          0          0          0          0          0          0          0          0          0          0          0          0          0          0          0          0          0          0          0          0          0          0          0          0        230    9397764  Hyper-V PCIe MSI 7896297406495-edge      mlx5_comp30@pci:e5d0:00:02.0
NMI:          0          0          0          0          0          0          0          0          0          0          0          0          0          0          0          0          0          0          0          0          0          0          0          0          0          0          0          0          0          0          0          0   Non-maskable interrupts
LOC:          0          0          0          0          0          0          0          0          0          0          0          0          0          0          0          0          0          0          0          0          0          0          0          0          0          0          0          0          0          0          0          0   Local timer interrupts
SPU:          0          0          0          0          0          0          0          0          0          0          0          0          0          0          0          0          0          0          0          0          0          0          0          0          0          0          0          0          0          0          0          0   Spurious interrupts
PMI:          0          0          0          0          0          0          0          0          0          0          0          0          0          0          0          0          0          0          0          0          0          0          0          0          0          0          0          0          0          0          0          0   Performance monitoring interrupts
IWI:        694        384        611        482        598        343        541        347        639        334        551        336        585        363        516        366        570        415        690        377        685        403        629        385        609        379        596        464        769        525        763        438   IRQ work interrupts
RTR:          0          0          0          0          0          0          0          0          0          0          0          0          0          0          0          0          0          0          0          0          0          0          0          0          0          0          0          0          0          0          0          0   APIC ICR read retries
RES:      95087       4272      80674      65017      73924      77125      76895      64444      75631      56470      76269      64635      77431      62605      74266      68984      73246      66422      78471      60997      80198      61272      66435      68651      68225      65782      79304      63211      82722      62819      80176      65302   Rescheduling interrupts
CAL:    2006707    1816959    1964775    1586494    1862421    1445881    1891609    1545560    1871376    1449429    1942469    1532727    1944792    1494478    1967191    1609246    1936337    1568968    1868301    1544639    1901210    1484558    1849388    1625807    1912136    1593888    1947222    1518825    1897123    1582472    1984114    1561366   Function call interrupts
TLB:          0          0          0          0          0          0          0          0          0          0          0          0          0          0          0          0          0          0          0          0          0          0          0          0          0          0          0          0          0          0          0          0   TLB shootdowns
TRM:          0          0          0          0          0          0          0          0          0          0          0          0          0          0          0          0          0          0          0          0          0          0          0          0          0          0          0          0          0          0          0          0   Thermal event interrupts
THR:          0          0          0          0          0          0          0          0          0          0          0          0          0          0          0          0          0          0          0          0          0          0          0          0          0          0          0          0          0          0          0          0   Threshold APIC interrupts
DFR:          0          0          0          0          0          0          0          0          0          0          0          0          0          0          0          0          0          0          0          0          0          0          0          0          0          0          0          0          0          0          0          0   Deferred Error APIC interrupts
MCE:          0          0          0          0          0          0          0          0          0          0          0          0          0          0          0          0          0          0          0          0          0          0          0          0          0          0          0          0          0          0          0          0   Machine check exceptions
MCP:          5          5          5          5          5          5          5          5          5          5          5          5          5          5          5          5          5          5          5          5          5          5          5          5          5          5          5          5          5          5          5          5   Machine check polls
HYP:       8517      13112         37      18622      17447       9991       9821      28621      11035       7739          0          0          0          0          0          0          0       2763       1975       1650       1498       2351       1874       2730       1794       2284       2491       2102       1915       2157       2137       2091   Hypervisor callback interrupts
HRE:          0          0          0          0          0          0          0          0          0          0          0          0          0          0          0          0          0          0          0          0          0          0          0          0          0          0          0          0          0          0          0          0   Hyper-V reenlightenment interrupts
HVS:     398806     290316     440572     249825     430785     219038     428675     267949     408773     220755     427102     244404     421158     219765     457124     246103     430807     227187     414686     238195     401319     217329     406214     229598     453170     255194     427498     227630     415403     241549     418118     243724   Hyper-V stimer0 interrupts
ERR:          0
MIS:          0
PIN:          0          0          0          0          0          0          0          0          0          0          0          0          0          0          0          0          0          0          0          0          0          0          0          0          0          0          0          0          0          0          0          0   Posted-interrupt notification event
NPI:          0          0          0          0          0          0          0          0          0          0          0          0          0          0          0          0          0          0          0          0          0          0          0          0          0          0          0          0          0          0          0          0   Nested posted-interrupt event
PIW:          0          0          0          0          0          0          0          0          0          0          0          0          0          0          0          0          0          0          0          0          0          0          0          0          0          0          0          0          0          0          0          0   Posted-interrupt wakeup event
