03760ee1 00000000 00000004 00000000 00000000 00000000 00000000 00000000 00000000 00000000 00000000 00000000 00000000
008adc94 00000000 00000001 00000000 00000000 00000000 00000000 00000000 00000000 00000000 00000000 00000000 00000001
0304d428 00000000 00000002 00000000 00000000 00000000 00000000 00000000 00000000 00000000 00000000 00000000 00000002
0352acf2 00000000 00000002 00000000 00000000 00000000 00000000 00000000 00000000 00000000 00000000 00000000 00000003
037053d5 00000000 00000005 00000000 00000000 00000000 00000000 00000000 00000000 00000000 00000000 00000000 00000004
0335820b 00000000 00000005 00000000 00000000 00000000 00000000 00000000 00000000 00000000 00000000 00000000 00000005
02f71174 00000000 00000005 00000000 00000000 00000000 00000000 00000000 00000000 00000000 00000000 00000000 00000006
02f6cad7 00000000 00000002 00000000 00000000 00000000 00000000 00000000 00000000 00000000 00000000 00000000 00000007
033284bc 00000000 00000003 00000000 00000000 00000000 00000000 00000000 00000000 00000000 00000000 00000000 00000008
040364c5 00000000 00000006 00000000 00000000 00000000 00000000 00000000 00000000 00000000 00000000 00000000 00000009
028dd598 00000000 00000005 00000000 00000000 00000000 00000000 00000000 00000000 00000000 00000000 00000000 0000000a
03112645 00000000 00000003 00000000 00000000 00000000 00000000 00000000 00000000 00000000 00000000 00000000 0000000b
0233d41e 00000000 00000004 00000000 00000000 00000000 00000000 00000000 00000000 00000000 00000000 00000000 0000000c
033567f4 00000000 00000004 00000000 00000000 00000000 00000000 00000000 00000000 00000000 00000000 00000000 0000000d
02ff0992 00000000 00000004 00000000 00000000 00000000 00000000 00000000 00000000 00000000 00000000 00000000 0000000e
02949a2e 00000000 00000008 00000000 00000000 00000000 00000000 00000000 00000000 00000000 00000000 00000000 0000000f
037b7b63 00000000 00000000 00000000 00000000 00000000 00000000 00000000 00000000 00000000 00000000 00000000 00000010
030f73c3 00000000 00000000 00000000 00000000 00000000 00000000 00000000 00000000 00000000 00000000 00000000 00000011
0360b65c 00000000 00000003 00000000 00000000 00000000 00000000 00000000 00000000 00000000 00000000 00000000 00000012
02f496d4 00000000 00000003 00000000 00000000 00000000 00000000 00000000 00000000 00000000 00000000 00000000 00000013
02df5240 00000000 00000002 00000000 00000000 00000000 00000000 00000000 00000000 00000000 00000000 00000000 00000014
0399828b 00000000 00000002 00000000 00000000 00000000 00000000 00000000 00000000 00000000 00000000 00000000 00000015
03c2b862 00000000 0000000b 00000000 00000000 00000000 00000000 00000000 00000000 00000000 00000000 00000000 00000016
022d7c69 00000000 00000007 00000000 00000000 00000000 00000000 00000000 00000000 00000000 00000000 00000000 00000017
03d38d2f 00000000 00000001 00000000 00000000 00000000 00000000 00000000 00000000 00000000 00000000 00000000 00000018
02921149 00000000 00000002 00000000 00000000 00000000 00000000 00000000 00000000 00000000 00000000 00000000 00000019
026f708f 00000000 00000003 00000000 00000000 00000000 00000000 00000000 00000000 00000000 00000000 00000000 0000001a
030d3324 00000000 00000003 00000000 00000000 00000000 00000000 00000000 00000000 00000000 00000000 00000000 0000001b
032154b9 00000000 00000005 00000000 00000000 00000000 00000000 00000000 00000000 00000000 00000000 00000000 0000001c
0258d5c1 00000000 00000004 00000000 00000000 00000000 00000000 00000000 00000000 00000000 00000000 00000000 0000001d
0271bb75 00000000 00000006 00000000 00000000 00000000 00000000 00000000 00000000 00000000 00000000 00000000 0000001e
02bd8d9e 00000000 00000004 00000000 00000000 00000000 00000000 00000000 00000000 00000000 00000000 00000000 0000001f
