059b5ebc 00000000 00000005 00000000 00000000 00000000 00000000 00000000 00000000 00000000 00000000 00000000 00000000
00c3614f 00000000 00000001 00000000 00000000 00000000 00000000 00000000 00000000 00000000 00000000 00000000 00000001
04fceb05 00000000 00000004 00000000 00000000 00000000 00000000 00000000 00000000 00000000 00000000 00000000 00000002
06111c17 00000000 00000004 00000000 00000000 00000000 00000000 00000000 00000000 00000000 00000000 00000000 00000003
04f0e332 00000000 00000008 00000000 00000000 00000000 00000000 00000000 00000000 00000000 00000000 00000000 00000004
0545b506 00000000 00000006 00000000 00000000 00000000 00000000 00000000 00000000 00000000 00000000 00000000 00000005
064d1eac 00000000 00000008 00000000 00000000 00000000 00000000 00000000 00000000 00000000 00000000 00000000 00000006
053afba4 00000000 00000005 00000000 00000000 00000000 00000000 00000000 00000000 00000000 00000000 00000000 00000007
057d93a8 00000000 00000005 00000000 00000000 00000000 00000000 00000000 00000000 00000000 00000000 00000000 00000008
05889844 00000000 00000007 00000000 00000000 00000000 00000000 00000000 00000000 00000000 00000000 00000000 00000009
0527e2f8 00000000 0000000b 00000000 00000000 00000000 00000000 00000000 00000000 00000000 00000000 00000000 0000000a
0464f7cf 00000000 00000008 00000000 00000000 00000000 00000000 00000000 00000000 00000000 00000000 00000000 0000000b
04351e5c 00000000 00000006 00000000 00000000 00000000 00000000 00000000 00000000 00000000 00000000 00000000 0000000c
04f4831a 00000000 00000007 00000000 00000000 00000000 00000000 00000000 00000000 00000000 00000000 00000000 0000000d
06432a72 00000000 00000004 00000000 00000000 00000000 00000000 00000000 00000000 00000000 00000000 00000000 0000000e
045ae2c8 00000000 00000008 00000000 00000000 00000000 00000000 00000000 00000000 00000000 00000000 00000000 0000000f
0555f176 00000000 00000001 00000000 00000000 00000000 00000000 00000000 00000000 00000000 00000000 00000000 00000010
04fed1be 00000000 00000000 00000000 00000000 00000000 00000000 00000000 00000000 00000000 00000000 00000000 00000011
05a5d508 00000000 00000004 00000000 00000000 00000000 00000000 00000000 00000000 00000000 00000000 00000000 00000012
0559b45b 00000000 00000004 00000000 00000000 00000000 00000000 00000000 00000000 00000000 00000000 00000000 00000013
0558b045 00000000 00000007 00000000 00000000 00000000 00000000 00000000 00000000 00000000 00000000 00000000 00000014
05a47bad 00000000 00000003 00000000 00000000 00000000 00000000 00000000 00000000 00000000 00000000 00000000 00000015
05d7d2d8 00000000 0000000d 00000000 00000000 00000000 00000000 00000000 00000000 00000000 00000000 00000000 00000016
03e16459 00000000 0000000a 00000000 00000000 00000000 00000000 00000000 00000000 00000000 00000000 00000000 00000017
05ccaff3 00000000 00000002 00000000 00000000 00000000 00000000 00000000 00000000 00000000 00000000 00000000 00000018
04f12ad6 00000000 00000003 00000000 00000000 00000000 00000000 00000000 00000000 00000000 00000000 00000000 00000019
042eb30b 00000000 00000003 00000000 00000000 00000000 00000000 00000000 00000000 00000000 00000000 00000000 0000001a
058e2cc6 00000000 00000003 00000000 00000000 00000000 00000000 00000000 00000000 00000000 00000000 00000000 0000001b
04c75abc 00000000 00000005 00000000 00000000 00000000 00000000 00000000 00000000 00000000 00000000 00000000 0000001c
04ce147d 00000000 00000005 00000000 00000000 00000000 00000000 00000000 00000000 00000000 00000000 00000000 0000001d
04f3f832 00000000 00000007 00000000 00000000 00000000 00000000 00000000 00000000 00000000 00000000 00000008 0000001e
0473d591 00000000 00000005 00000000 00000000 00000000 00000000 00000000 00000000 00000000 00000000 00000001 0000001f
