           CPU0       CPU1       CPU2       CPU3       CPU4       CPU5       CPU6       CPU7       CPU8       CPU9       CPU10      CPU11      CPU12      CPU13      CPU14      CPU15      CPU16      CPU17      CPU18      CPU19      CPU20      CPU21      CPU22      CPU23      CPU24      CPU25      CPU26      CPU27      CPU28      CPU29      CPU30      CPU31      
  4:          0          0        972          0          0          0          0          0          0          0          0          0          0          0          0          0          0          0          0          0          0          0          0          0          0          0          0          0          0          0          0         77   IO-APIC   4-edge      ttyS0
  8:          0          0          0          0          0          0          0          0          0          0          0          0          0          0          0          0          0          0          0          0          0          0          0          0          0          0          0          0          0          0          0          0   IO-APIC   8-edge      rtc0
  9:          0          0          0          0          0          0          0          0          0          0          0          0          0          0          0          0          0          0          0          0          0          0          0          0          0          0          0          0          0          0          0          0   IO-APIC   9-fasteoi   acpi
 24:          0    1028075          0       1143          0          0          0          0          0          0          0          0          0          0          0          0          0          0          0          0          0          0          0          0          0          0          0          0          0          0          0          0  Hyper-V PCIe MSI 3718099533824-edge      mlx5_async0@pci:6c36:00:02.0
 25:    3529679          0          0          0          1          0          0          0          0          0          0          0          0          0          0          0          0          0          0          0          0          0          0          0          0          0          0          0          0          0          0          0  Hyper-V PCIe MSI 3718099533825-edge      mlx5_comp0@pci:6c36:00:02.0
 26:          0         23          0          0          0          1          0          0          0          0          0          0          0          0          0          0          0          0          0          0    3076722          0          0          0          0          0          0          0          0          0          0          0  Hyper-V PCIe MSI 3718099533826-edge      mlx5_comp1@pci:6c36:00:02.0
 27:          0          0         56          0          0          0          1          0          0          0          0          0          0          0          0          0          0          0          0          0          0    3163911          0          0          0          0          0          0          0          0          0          0  Hyper-V PCIe MSI 3718099533827-edge      mlx5_comp2@pci:6c36:00:02.0
 28:          0          0          0         34          0          0    3127081          1          0          0          0          0          0          0          0          0          0          0          0          0          0          0          0          0          0          0          0          0          0          0          0          0  Hyper-V PCIe MSI 3718099533828-edge      mlx5_comp3@pci:6c36:00:02.0
 29:          0          0          0          0         15          0          0    3310961          1          0          0          0          0          0          0          0          0          0          0          0          0          0          0          0          0          0          0          0          0          0          0          0  Hyper-V PCIe MSI 3718099533829-edge      mlx5_comp4@pci:6c36:00:02.0
 30:          0          0          0          0          0    3225486          0          0          0          1          0          0          0          0          0          0          0          0          0          0          0          0          0          0          0          0          0          0          0          0          0          0  Hyper-V PCIe MSI 3718099533830-edge      mlx5_comp5@pci:6c36:00:02.0
 31:          0          0          0          0    3371988          0          5          0          0          0          1          0          0          0          0          0          0          0          0          0          0          0          0          0          0          0          0          0          0          0          0          0  Hyper-V PCIe MSI 3718099533831-edge      mlx5_comp6@pci:6c36:00:02.0
 32:          0          0          0    3280800          0          0          0          2          0          0          0          1          0          0          0          0          0          0          0          0          0          0          0          0          0          0          0          0          0          0          0          0  Hyper-V PCIe MSI 3718099533832-edge      mlx5_comp7@pci:6c36:00:02.0
 33:          0          0    3396451          0          0          0          0          0         74          0          0          0          1          0          0          0          0          0          0          0          0          0          0          0          0          0          0          0          0          0          0          0  Hyper-V PCIe MSI 3718099533833-edge      mlx5_comp8@pci:6c36:00:02.0
 34:          0          0          0          0          0          0          0          0          0          5          0          0          0          1          0          0          0          0          0          0          0          0    3264824          0          0          0          0          0          0          0          0          0  Hyper-V PCIe MSI 3718099533834-edge      mlx5_comp9@pci:6c36:00:02.0
 35:          0          0          0          0          0          0          0          0          0          0         19          0          0          0          1          0          0          0          0          0          0          0          0    3450178          0          0          0          0          0          0          0          0  Hyper-V PCIe MSI 3718099533835-edge      mlx5_comp10@pci:6c36:00:02.0
 36:          0          0          0          0          0          0          0          0          0          0    3072739        592          0          0          0          1          0          0          0          0          0          0          0          0          0          0          0          0          0          0          0          0  Hyper-V PCIe MSI 3718099533836-edge      mlx5_comp11@pci:6c36:00:02.0
 37:          0          0          0          0          0          0          0          0          0          0          0    3236640          3          0          0          0          1          0          0          0          0          0          0          0          0          0          0          0          0          0          0          0  Hyper-V PCIe MSI 3718099533837-edge      mlx5_comp12@pci:6c36:00:02.0
 38:          0          0          0          0          0          0          0          0          0          0          0          0          0          2          0          0          0          1          0          0          0          0          0          0          0          0          0          0          0    2981212          0          0  Hyper-V PCIe MSI 3718099533838-edge      mlx5_comp13@pci:6c36:00:02.0
 39:          0          0          0          0          0          0          0          0          0          0          0          0          0          0          5          0          0          0          1          0          0          0          0          0          0          0          0          0    3141829          0          0          0  Hyper-V PCIe MSI 3718099533839-edge      mlx5_comp14@pci:6c36:00:02.0
 40:          0          0          0          0          0          0          0          0          0          0          0          0          0          0          0          5          0          0          0          1          0          0          0          0          0          0    3040735          0          0          0          0          0  Hyper-V PCIe MSI 3718099533840-edge      mlx5_comp15@pci:6c36:00:02.0
 41:          0          0          0          0          0          0          0          0          0          0          0          0          0          0          0          0          2          0          0          0          1          0          0          0          0          0          0    3127373          0          0          0          0  Hyper-V PCIe MSI 3718099533841-edge      mlx5_comp16@pci:6c36:00:02.0
 42:          0          0          0          0          0          0          0          0          0          0          0          0          0          0          0          0          0         49          0          0          0          1          0          0    3108058          0          0          0          0          0          0          0  Hyper-V PCIe MSI 3718099533842-edge      mlx5_comp17@pci:6c36:00:02.0
 43:          0          0          0          0          0          0          0          0          0          0          0          0          0          0          0          0          0          0          7          0          0          0          1          0          0    3415935          0          0          0          0          0          0  Hyper-V PCIe MSI 3718099533843-edge      mlx5_comp18@pci:6c36:00:02.0
 44:          0          0          0          0          0          0          0          0          0          0          0          0    3083491          0          0          0          0          0          0         64          0          0          0          1          0          0          0          0          0          0          0          0  Hyper-V PCIe MSI 3718099533844-edge      mlx5_comp19@pci:6c36:00:02.0
 45:          0          0          0          0          0          0          0          0          0          0          0          0          0    3264514          0          0          0          0          0          0         66          0          0          0          1          0          0          0          0          0          0          0  Hyper-V PCIe MSI 3718099533845-edge      mlx5_comp20@pci:6c36:00:02.0
 46:          0          0          0          0          0          0          0          0    3120932          0          0          0          0          0          0          0          0          0          0          0          0         14          0          0          0          1          0          0          0          0          0          0  Hyper-V PCIe MSI 3718099533846-edge      mlx5_comp21@pci:6c36:00:02.0
 47:          0          0          0          0          0          0          0          0          0    3221008          0          0          0          0          0          0          0          0          0          0          0          0         44          0          0          0          1          0          0          0          0          0  Hyper-V PCIe MSI 3718099533847-edge      mlx5_comp22@pci:6c36:00:02.0
 48:          0          0          0          0          0          0          0          0          0          0          0          0          0          0          0          0          0          0          0    3152768          0          0          0        273          0          0          0          1          0          0          0          0  Hyper-V PCIe MSI 3718099533848-edge      mlx5_comp23@pci:6c36:00:02.0
 49:          0          0          0          0          0          0          0          0          0          0          0          0          0          0          0          0          0          0    3293100          0          0          0          0          0         33          0          0          0          1          0          0          0  Hyper-V PCIe MSI 3718099533849-edge      mlx5_comp24@pci:6c36:00:02.0
 50:          0          0          0          0          0          0          0          0          0          0          0          0          0          0          0          0    3012005          0          0          0          0          0          0          0          0         45          0          0          0          1          0          0  Hyper-V PCIe MSI 3718099533850-edge      mlx5_comp25@pci:6c36:00:02.0
 51:          0          0          0          0          0          0          0          0          0          0          0          0          0          0          0          0          0    3355370          0          0          0          0          0          0          0          0         25          0          0          0          1          0  Hyper-V PCIe MSI 3718099533851-edge      mlx5_comp26@pci:6c36:00:02.0
 52:          0          0          0          0          0          0          0          0          0          0          0          0          0          0    3007407          0          0          0          0          0          0          0          0          0          0          0          0         10          0          0          0          1  Hyper-V PCIe MSI 3718099533852-edge      mlx5_comp27@pci:6c36:00:02.0
 53:          1          0          0          0          0          0          0          0          0          0          0          0          0          0          0    3240078          0          0          0          0          0          0          0          0          0          0          0          0          9          0          0          0  Hyper-V PCIe MSI 3718099533853-edge      mlx5_comp28@pci:6c36:00:02.0
 54:          0          1          0          0          0          0          0          0          0          0          0          0          0          0          0          0          0          0          0          0          0          0          0          0          0          0          0          0          0         87    3176628          0  Hyper-V PCIe MSI 3718099533854-edge      mlx5_comp29@pci:6c36:00:02.0
 55:          0          0          1          0          0          0          0          0          0          0          0          0          0          0          0          0          0          0          0          0          0          0          0          0          0          0          0          0          0          0         32    3442132  Hyper-V PCIe MSI 3718099533855-edge      mlx5_comp30@pci:6c36:00:02.0
NMI:          0          0          0          0          0          0          0          0          0          0          0          0          0          0          0          0          0          0          0          0          0          0          0          0          0          0          0          0          0          0          0          0   Non-maskable interrupts
LOC:          0          0          0          0          0          0          0          0          0          0          0          0          0          0          0          0          0          0          0          0          0          0          0          0          0          0          0          0          0          0          0          0   Local timer interrupts
SPU:          0          0          0          0          0          0          0          0          0          0          0          0          0          0          0          0          0          0          0          0          0          0          0          0          0          0          0          0          0          0          0          0   Spurious interrupts
PMI:          0          0          0          0          0          0          0          0          0          0          0          0          0          0          0          0          0          0          0          0          0          0          0          0          0          0          0          0          0          0          0          0   Performance monitoring interrupts
IWI:        268        184        200        133        363        131        275        108        196        143        208        138        239        145        236        108        339        160        197        132        277        143        243        169       1328        154        273        155        241        163        262        148   IRQ work interrupts
RTR:          0          0          0          0          0          0          0          0          0          0          0          0          0          0          0          0          0          0          0          0          0          0          0          0          0          0          0          0          0          0          0          0   APIC ICR read retries
RES:      38102       2929      32530      27424      31763      35201      29742      28106      29463      27736      29538      28197      29627      28437      29766      27397      30026      28455      32428      26239      31527      26763      30342      28240      30280      28007      30273      26697      30870      24919      29814      28866   Rescheduling interrupts
CAL:    2228919    1967821    2165875    1795045    2160791    1740707    2165093    1809397    2122984    1773362    2054108    1690763    2026795    1699146    2049645    1675126    2062024    1700830    2043235    1686280    1998481    1635983    2053042    1735715    2129430    1748912    2028292    1646064    1978716    1601130    2069067    1750589   Function call interrupts
TLB:          0          0          0          0          0          0          0          0          0          0          0          0          0          0          0          0          0          0          0          0          0          0          0          0          0          0          0          0          0          0          0          0   TLB shootdowns
TRM:          0          0          0          0          0          0          0          0          0          0          0          0          0          0          0          0          0          0          0          0          0          0          0          0          0          0          0          0          0          0          0          0   Thermal event interrupts
THR:          0          0          0          0          0          0          0          0          0          0          0          0          0          0          0          0          0          0          0          0          0          0          0          0          0          0          0          0          0          0          0          0   Threshold APIC interrupts
DFR:          0          0          0          0          0          0          0          0          0          0          0          0          0          0          0          0          0          0          0          0          0          0          0          0          0          0          0          0          0          0          0          0   Deferred Error APIC interrupts
MCE:          0          0          0          0          0          0          0          0          0          0          0          0          0          0          0          0          0          0          0          0          0          0          0          0          0          0          0          0          0          0          0          0   Machine check exceptions
MCP:        119        119        119        119        119        119        119        119        119        119        119        119        119        119        119        119        119        119        119        119        119        119        119        119        119        119        119        119        119        119        119        119   Machine check polls
HYP:      99628      13693          5      10909      15594      25661      16850      10379      20187       8755         32          0          0          0          0          0          0       1081        984       1288        825        820        967        942       1740        850       1002       1856        972       1044        998        973   Hypervisor callback interrupts
HRE:          0          0          0          0          0          0          0          0          0          0          0          0          0          0          0          0          0          0          0          0          0          0          0          0          0          0          0          0          0          0          0          0   Hyper-V reenlightenment interrupts
HVS:     193122     214734     169588     133076     414118     108551     168855     102958     148030      96822     137214     110022     133349      98636     130164      96122     135057      95849     131425      98299     117809      99078     145056     117371     169665     129724     179999      97646     167661     170686     166075     105170   Hyper-V stimer0 interrupts
ERR:          0
MIS:          0
PIN:          0          0          0          0          0          0          0          0          0          0          0          0          0          0          0          0          0          0          0          0          0          0          0          0          0          0          0          0          0          0          0          0   Posted-interrupt notification event
NPI:          0          0          0          0          0          0          0          0          0          0          0          0          0          0          0          0          0          0          0          0          0          0          0          0          0          0          0          0          0          0          0          0   Nested posted-interrupt event
PIW:          0          0          0          0          0          0          0          0          0          0          0          0          0          0          0          0          0          0          0          0          0          0          0          0          0          0          0          0          0          0          0          0   Posted-interrupt wakeup event
