011fbf38 00000000 000000e1 00000000 00000000 00000000 00000000 00000000 00000000 00000000 00000000 00000000 00000000
0028a840 00000000 0000000a 00000000 00000000 00000000 00000000 00000000 00000000 00000000 00000000 00000000 00000001
00d1336e 00000000 000000fd 00000000 00000000 00000000 00000000 00000000 00000000 00000000 00000000 00000000 00000002
00f3f0d6 00000000 000000c6 00000000 00000000 00000000 00000000 00000000 00000000 00000000 00000000 00000000 00000003
00f602a9 00000000 0000011a 00000000 00000000 00000000 00000000 00000000 00000000 00000000 00000000 00000000 00000004
00da385c 00000032 000000fd 00000000 00000000 00000000 00000000 00000000 00000000 00000000 00000000 00000000 00000005
0111d171 00000000 00000133 00000000 00000000 00000000 00000000 00000000 00000000 00000000 00000000 00000000 00000006
00e04153 00000000 000000fe 00000000 00000000 00000000 00000000 00000000 00000000 00000000 00000000 00000000 00000007
0104016f 000000db 000000ed 00000000 00000000 00000000 00000000 00000000 00000000 00000000 00000000 00000000 00000008
00af4810 00000000 000000a5 00000000 00000000 00000000 00000000 00000000 00000000 00000000 00000000 00000000 00000009
00f783ec 00000000 000000f7 00000000 00000000 00000000 00000000 00000000 00000000 00000000 00000000 00000000 0000000a
00df894d 00000000 000000d7 00000000 00000000 00000000 00000000 00000000 00000000 00000000 00000000 00000000 0000000b
010971e0 00000000 00000101 00000000 00000000 00000000 00000000 00000000 00000000 00000000 00000000 00000000 0000000c
00e76a0b 00000000 000000dd 00000000 00000000 00000000 00000000 00000000 00000000 00000000 00000000 00000000 0000000d
00d980d2 00000000 00000116 00000000 00000000 00000000 00000000 00000000 00000000 00000000 00000000 00000000 0000000e
010373af 00000000 0000011a 00000000 00000000 00000000 00000000 00000000 00000000 00000000 00000000 00000000 0000000f
00d29e9c 00000000 000000fd 00000000 00000000 00000000 00000000 00000000 00000000 00000000 00000000 00000000 00000010
00df8ec9 00000000 000000ec 00000000 00000000 00000000 00000000 00000000 00000000 00000000 00000000 00000000 00000011
00dba129 00000000 00000101 00000000 00000000 00000000 00000000 00000000 00000000 00000000 00000000 00000000 00000012
0101d546 00000000 00000126 00000000 00000000 00000000 00000000 00000000 00000000 00000000 00000000 00000000 00000013
00ac928a 00000000 00000112 00000000 00000000 00000000 00000000 00000000 00000000 00000000 00000000 00000000 00000014
00e48020 000000b7 0000013e 00000000 00000000 00000000 00000000 00000000 00000000 00000000 00000000 00000000 00000015
010dc8f8 00000000 00000114 00000000 00000000 00000000 00000000 00000000 00000000 00000000 00000000 00000000 00000016
011ba5de 00000005 00000100 00000000 00000000 00000000 00000000 00000000 00000000 00000000 00000000 00000000 00000017
00cb244c 00000000 000000ec 00000000 00000000 00000000 00000000 00000000 00000000 00000000 00000000 00000000 00000018
00f9f108 0000007b 00000104 00000000 00000000 00000000 00000000 00000000 00000000 00000000 00000000 00000000 00000019
00d66449 00000000 00000112 00000000 00000000 00000000 00000000 00000000 00000000 00000000 00000000 00000000 0000001a
00cd777e 00000000 000000ff 00000000 00000000 00000000 00000000 00000000 00000000 00000000 00000000 00000000 0000001b
00def207 00000000 000000f3 00000000 00000000 00000000 00000000 00000000 00000000 00000000 00000000 00000000 0000001c
010700dc 0000002f 00000127 00000000 00000000 00000000 00000000 00000000 00000000 00000000 00000000 00000000 0000001d
0113ddfe 00000000 000000f3 00000000 00000000 00000000 00000000 00000000 00000000 00000000 00000000 00000000 0000001e
00df1f04 00000000 000000a5 00000000 00000000 00000000 00000000 00000000 00000000 00000000 00000000 00000000 0000001f
