01a887a2 00000000 00000195 00000000 00000000 00000000 00000000 00000000 00000000 00000000 00000000 00000077 00000000
0044111e 00000000 0000000d 00000000 00000000 00000000 00000000 00000000 00000000 00000000 00000000 00000000 00000001
015c1656 00000000 00000156 00000000 00000000 00000000 00000000 00000000 00000000 00000000 00000000 00000002 00000002
01bc2583 00000000 00000103 00000000 00000000 00000000 00000000 00000000 00000000 00000000 00000000 00000010 00000003
01a2ac95 00000000 000001a0 00000000 00000000 00000000 00000000 00000000 00000000 00000000 00000000 00000004 00000004
01945674 00000032 0000015b 00000000 00000000 00000000 00000000 00000000 00000000 00000000 00000000 0000000c 00000005
01bf83d0 00000000 000001df 00000000 00000000 00000000 00000000 00000000 00000000 00000000 00000000 00000097 00000006
017d0a22 00000000 0000013e 00000000 00000000 00000000 00000000 00000000 00000000 00000000 00000000 00000000 00000007
017a7d56 000000db 00000162 00000000 00000000 00000000 00000000 00000000 00000000 00000000 00000000 00000003 00000008
010b89a4 00000000 000000c9 00000000 00000000 00000000 00000000 00000000 00000000 00000000 00000000 00000001 00000009
01682d9c 00000000 00000164 00000000 00000000 00000000 00000000 00000000 00000000 00000000 00000000 0000000d 0000000a
015efec0 00000040 0000019f 00000000 00000000 00000000 00000000 00000000 00000000 00000000 00000000 00000009 0000000b
01826f2e 00000000 000001ae 00000000 00000000 00000000 00000000 00000000 00000000 00000000 00000000 0000000b 0000000c
016e33d5 00000000 00000155 00000000 00000000 00000000 00000000 00000000 00000000 00000000 00000000 00000000 0000000d
013ebd51 00000000 00000184 00000000 00000000 00000000 00000000 00000000 00000000 00000000 00000000 00000016 0000000e
01534f77 00000000 00000137 00000000 00000000 00000000 00000000 00000000 00000000 00000000 00000000 00000001 0000000f
0138e0e6 00000000 00000165 00000000 00000000 00000000 00000000 00000000 00000000 00000000 00000000 00000004 00000010
01230105 00000000 00000158 00000000 00000000 00000000 00000000 00000000 00000000 00000000 00000000 0000000c 00000011
0141ea9f 00000000 0000016e 00000000 00000000 00000000 00000000 00000000 00000000 00000000 00000000 00000013 00000012
0179ca4e 00000000 000001c8 00000000 00000000 00000000 00000000 00000000 00000000 00000000 00000000 00000004 00000013
015a6cc6 00000000 000001a2 00000000 00000000 00000000 00000000 00000000 00000000 00000000 00000000 00000019 00000014
0184f1c7 000000b7 000001ba 00000000 00000000 00000000 00000000 00000000 00000000 00000000 00000000 0000001d 00000015
0184c4d3 00000000 000001ad 00000000 00000000 00000000 00000000 00000000 00000000 00000000 00000000 00000009 00000016
01ce258c 00000005 000001af 00000000 00000000 00000000 00000000 00000000 00000000 00000000 00000000 00000000 00000017
0125f5cf 00000000 00000146 00000000 00000000 00000000 00000000 00000000 00000000 00000000 00000000 00000001 00000018
01a7045b 0000007b 000001c4 00000000 00000000 00000000 00000000 00000000 00000000 00000000 00000000 00000046 00000019
015e6ebe 00000000 0000019d 00000000 00000000 00000000 00000000 00000000 00000000 00000000 00000000 00000000 0000001a
013ade0e 00000000 000001a5 00000000 00000000 00000000 00000000 00000000 00000000 00000000 00000000 00000009 0000001b
014e1b4a 00000000 00000190 00000000 00000000 00000000 00000000 00000000 00000000 00000000 00000000 00000014 0000001c
0182e635 0000002f 000001ad 00000000 00000000 00000000 00000000 00000000 00000000 00000000 00000000 00000011 0000001d
01779e5a 00000000 0000015f 00000000 00000000 00000000 00000000 00000000 00000000 00000000 00000000 0000001d 0000001e
015b80b0 00000000 00000119 00000000 00000000 00000000 00000000 00000000 00000000 00000000 00000000 00000011 0000001f
