           CPU0       CPU1       CPU2       CPU3       CPU4       CPU5       CPU6       CPU7       CPU8       CPU9       CPU10      CPU11      CPU12      CPU13      CPU14      CPU15      CPU16      CPU17      CPU18      CPU19      CPU20      CPU21      CPU22      CPU23      CPU24      CPU25      CPU26      CPU27      CPU28      CPU29      CPU30      CPU31      
  4:          0          0        999          0          0          0          0          0          0          0          0          0          0          0          0          0          0          0          0          0          0          0          0          0          0          0          0          0          0          0          0         13   IO-APIC   4-edge      ttyS0
  8:          0          0          0          0          0          0          0          0          0          0          0          0          0          0          0          0          0          0          0          0          0          0          0          0          0          0          0          0          0          0          0          0   IO-APIC   8-edge      rtc0
  9:          0          0          0          0          0          0          0          0          0          0          0          0          0          0          0          0          0          0          0          0          0          0          0          0          0          0          0          0          0          0          0          0   IO-APIC   9-fasteoi   acpi
 24:          0    4589006          0       1129          0          0          0          0          0          0          0          0          0          0          0          0          0          0          0          0          0          0          0          0          0          0          0          0          0          0          0          0  Hyper-V PCIe MSI 7814021939200-edge      mlx5_async0@pci:e36b:00:02.0
 25:   17663669          0          0          0          1          0          0          0          0          0          0          0          0          0          0          0          0          0          0          0          0          0          0          0          0          0          0          0          0          0          0          0  Hyper-V PCIe MSI 7814021939201-edge      mlx5_comp0@pci:e36b:00:02.0
 26:          0         31          0          0          0          1          0          0          0          0          0          0          0          0          0          0          0          0          0          0   18442451          0          0          0          0          0          0          0          0          0          0          0  Hyper-V PCIe MSI 7814021939202-edge      mlx5_comp1@pci:e36b:00:02.0
 27:          0          0         14          0          0          0          1          0          0          0          0          0          0          0          0          0          0          0          0          0          0   16800124          0          0          0          0          0          0          0          0          0          0  Hyper-V PCIe MSI 7814021939203-edge      mlx5_comp2@pci:e36b:00:02.0
 28:          0          0          0          2          0          0   17016971          1          0          0          0          0          0          0          0          0          0          0          0          0          0          0          0          0          0          0          0          0          0          0          0          0  Hyper-V PCIe MSI 7814021939204-edge      mlx5_comp3@pci:e36b:00:02.0
 29:          0          0          0          0          2          0          0   17623181          1          0          0          0          0          0          0          0          0          0          0          0          0          0          0          0          0          0          0          0          0          0          0          0  Hyper-V PCIe MSI 7814021939205-edge      mlx5_comp4@pci:e36b:00:02.0
 30:          0          0          0          0          0   16917293          0          0          0          1          0          0          0          0          0          0          0          0          0          0          0          0          0          0          0          0          0          0          0          0          0          0  Hyper-V PCIe MSI 7814021939206-edge      mlx5_comp5@pci:e36b:00:02.0
 31:          0          0          0          0   16739050          0         14          0          0          0          1          0          0          0          0          0          0          0          0          0          0          0          0          0          0          0          0          0          0          0          0          0  Hyper-V PCIe MSI 7814021939207-edge      mlx5_comp6@pci:e36b:00:02.0
 32:          0          0          0   17313689          0          0          0          2          0          0          0          1          0          0          0          0          0          0          0          0          0          0          0          0          0          0          0          0          0          0          0          0  Hyper-V PCIe MSI 7814021939208-edge      mlx5_comp7@pci:e36b:00:02.0
 33:          0          0   17814959          0          0          0          0          0         74          0          0          0          1          0          0          0          0          0          0          0          0          0          0          0          0          0          0          0          0          0          0          0  Hyper-V PCIe MSI 7814021939209-edge      mlx5_comp8@pci:e36b:00:02.0
 34:          0          0          0          0          0          0          0          0          0          2          0          0          0          1          0          0          0          0          0          0          0          0   16968092          0          0          0          0          0          0          0          0          0  Hyper-V PCIe MSI 7814021939210-edge      mlx5_comp9@pci:e36b:00:02.0
 35:          0          0          0          0          0          0          0          0          0          0          4          0          0          0          1          0          0          0          0          0          0          0          0   17759816          0          0          0          0          0          0          0          0  Hyper-V PCIe MSI 7814021939211-edge      mlx5_comp10@pci:e36b:00:02.0
 36:          0          0          0          0          0          0          0          0          0          0   16678963          2          0          0          0          1          0          0          0          0          0          0          0          0          0          0          0          0          0          0          0          0  Hyper-V PCIe MSI 7814021939212-edge      mlx5_comp11@pci:e36b:00:02.0
 37:          0          0          0          0          0          0          0          0          0          0          0   17426454         14          0          0          0          1          0          0          0          0          0          0          0          0          0          0          0          0          0          0          0  Hyper-V PCIe MSI 7814021939213-edge      mlx5_comp12@pci:e36b:00:02.0
 38:          0          0          0          0          0          0          0          0          0          0          0          0          0          9          0          0          0          1          0          0          0          0          0          0          0          0          0          0          0   16535653          0          0  Hyper-V PCIe MSI 7814021939214-edge      mlx5_comp13@pci:e36b:00:02.0
 39:          0          0          0          0          0          0          0          0          0          0          0          0          0          0         51          0          0          0          1          0          0          0          0          0          0          0          0          0   17476916          0          0          0  Hyper-V PCIe MSI 7814021939215-edge      mlx5_comp14@pci:e36b:00:02.0
 40:          0          0          0          0          0          0          0          0          0          0          0          0          0          0          0          1          0          0          0          1          0          0          0          0          0          0   16021534          0          0          0          0          0  Hyper-V PCIe MSI 7814021939216-edge      mlx5_comp15@pci:e36b:00:02.0
 41:          0          0          0          0          0          0          0          0          0          0          0          0          0          0          0          0          8          0          0          0          1          0          0          0          0          0          0   17265838          0          0          0          0  Hyper-V PCIe MSI 7814021939217-edge      mlx5_comp16@pci:e36b:00:02.0
 42:          0          0          0          0          0          0          0          0          0          0          0          0          0          0          0          0          0         19          0          0          0          1          0          0   16583374          0          0          0          0          0          0          0  Hyper-V PCIe MSI 7814021939218-edge      mlx5_comp17@pci:e36b:00:02.0
 43:          0          0          0          0          0          0          0          0          0          0          0          0          0          0          0          0          0          0         29          0          0          0          1          0          0   17994733          0          0          0          0          0          0  Hyper-V PCIe MSI 7814021939219-edge      mlx5_comp18@pci:e36b:00:02.0
 44:          0          0          0          0          0          0          0          0          0          0          0          0   16800741          0          0          0          0          0          0          3          0          0          0          1          0          0          0          0          0          0          0          0  Hyper-V PCIe MSI 7814021939220-edge      mlx5_comp19@pci:e36b:00:02.0
 45:          0          0          0          0          0          0          0          0          0          0          0          0          0   17669728          0          0          0          0          0          0          3          0          0          0          1          0          0          0          0          0          0          0  Hyper-V PCIe MSI 7814021939221-edge      mlx5_comp20@pci:e36b:00:02.0
 46:          0          0          0          0          0          0          0          0   16931335          0          0          0          0          0          0          0          0          0          0          0          0         97          0          0          0          1          0          0          0          0          0          0  Hyper-V PCIe MSI 7814021939222-edge      mlx5_comp21@pci:e36b:00:02.0
 47:          0          0          0          0          0          0          0          0          0   17835888          0          0          0          0          0          0          0          0          0          0          0          0          6          0          0          0          1          0          0          0          0          0  Hyper-V PCIe MSI 7814021939223-edge      mlx5_comp22@pci:e36b:00:02.0
 48:          0          0          0          0          0          0          0          0          0          0          0          0          0          0          0          0          0          0          0   16696225          0          0          0          7          0          0          0          1          0          0          0          0  Hyper-V PCIe MSI 7814021939224-edge      mlx5_comp23@pci:e36b:00:02.0
 49:          0          0          0          0          0          0          0          0          0          0          0          0          0          0          0          0          0          0   16819494          0          0          0          0          0         19          0          0          0          1          0          0          0  Hyper-V PCIe MSI 7814021939225-edge      mlx5_comp24@pci:e36b:00:02.0
 50:          0          0          0          0          0          0          0          0          0          0          0          0          0          0          0          0   16973179          0          0          0          0          0          0          0          0         39          0          0          0          1          0          0  Hyper-V PCIe MSI 7814021939226-edge      mlx5_comp25@pci:e36b:00:02.0
 51:          0          0          0          0          0          0          0          0          0          0          0          0          0          0          0          0          0   17329081          0          0          0          0          0          0          0          0          5          0          0          0          1          0  Hyper-V PCIe MSI 7814021939227-edge      mlx5_comp26@pci:e36b:00:02.0
 52:          0          0          0          0          0          0          0          0          0          0          0          0          0          0   17059659          0          0          0          0          0          0          0          0          0          0          0          0        116          0          0          0          1  Hyper-V PCIe MSI 7814021939228-edge      mlx5_comp27@pci:e36b:00:02.0
 53:          1          0          0          0          0          0          0          0          0          0          0          0          0          0          0   16691355          0          0          0          0          0          0          0          0          0          0          0          0         33          0          0          0  Hyper-V PCIe MSI 7814021939229-edge      mlx5_comp28@pci:e36b:00:02.0
 54:          0          1          0          0          0          0          0          0          0          0          0          0          0          0          0          0          0          0          0          0          0          0          0          0          0          0          0          0          0          6   16352409          0  Hyper-V PCIe MSI 7814021939230-edge      mlx5_comp29@pci:e36b:00:02.0
 55:          0          0          1          0          0          0          0          0          0          0          0          0          0          0          0          0          0          0          0          0          0          0          0          0          0          0          0          0          0          0        247   17374617  Hyper-V PCIe MSI 7814021939231-edge      mlx5_comp30@pci:e36b:00:02.0
NMI:          0          0          0          0          0          0          0          0          0          0          0          0          0          0          0          0          0          0          0          0          0          0          0          0          0          0          0          0          0          0          0          0   Non-maskable interrupts
LOC:          0          0          0          0          0          0          0          0          0          0          0          0          0          0          0          0          0          0          0          0          0          0          0          0          0          0          0          0          0          0          0          0   Local timer interrupts
SPU:          0          0          0          0          0          0          0          0          0          0          0          0          0          0          0          0          0          0          0          0          0          0          0          0          0          0          0          0          0          0          0          0   Spurious interrupts
PMI:          0          0          0          0          0          0          0          0          0          0          0          0          0          0          0          0          0          0          0          0          0          0          0          0          0          0          0          0          0          0          0          0   Performance monitoring interrupts
IWI:       2606       1287       1492       1078       1252        935       1600       1052       1495       1022       1532        912       1588       1003       1465        954       1475       1349       5340       1221       1686       1526       1934       1333       1772       1540       1822       1304       1702       1439       1802       1208   IRQ work interrupts
RTR:          0          0          0          0          0          0          0          0          0          0          0          0          0          0          0          0          0          0          0          0          0          0          0          0          0          0          0          0          0          0          0          0   APIC ICR read retries
RES:     336532      26803     330108     326978     330725     332116     318803     319284     307719     321757     334458     314874     320258     316326     328139     320225     326277     293132     326817     307174     322069     304385     324888     297436     308352     322791     310184     303774     335141     314434     315194     302935   Rescheduling interrupts
CAL:    1445427    1142986    1325362     907946    1446601     934192    1402586     906312    1353208     827153    1403965     840781    1355472     845100    1369188     989451    1338772     829459    1341273     817019    1389367     889638    1296659     835030    1360943     887175    1379007     865563    1348551     890420    1364875     905358   Function call interrupts
TLB:          0          0          0          0          0          0          0          0          0          0          0          0          0          0          0          0          0          0          0          0          0          0          0          0          0          0          0          0          0          0          0          0   TLB shootdowns
TRM:          0          0          0          0          0          0          0          0          0          0          0          0          0          0          0          0          0          0          0          0          0          0          0          0          0          0          0          0          0          0          0          0   Thermal event interrupts
THR:          0          0          0          0          0          0          0          0          0          0          0          0          0          0          0          0          0          0          0          0          0          0          0          0          0          0          0          0          0          0          0          0   Threshold APIC interrupts
DFR:          0          0          0          0          0          0          0          0          0          0          0          0          0          0          0          0          0          0          0          0          0          0          0          0          0          0          0          0          0          0          0          0   Deferred Error APIC interrupts
MCE:          0          0          0          0          0          0          0          0          0          0          0          0          0          0          0          0          0          0          0          0          0          0          0          0          0          0          0          0          0          0          0          0   Machine check exceptions
MCP:         14         14         14         14         14         14         14         14         14         14         14         14         14         14         14         14         14         14         14         14         14         14         14         14         14         14         14         14         14         14         14         14   Machine check polls
HYP:      24918      29981          5      16142      46878      28939      30964      19204      21889      16691          0          1         31          0          0          0          0       1661       1447       2106       1974       1596       1563       1368       1324       1824       1476       1783       1466       1406       1513       1281   Hypervisor callback interrupts
HRE:          0          0          0          0          0          0          0          0          0          0          0          0          0          0          0          0          0          0          0          0          0          0          0          0          0          0          0          0          0          0          0          0   Hyper-V reenlightenment interrupts
HVS:    1258766    1540595    1491497    1378518    1525533    1243866    1538144    1327681    1477960    1329875    1531969    1272272    1565828    1335874    1483419    1272945    1496999    1226161    1608577    1271805    1634532    1356643    1536983    1354833    1491034    1329328    1607600    1106980    1460377    1281877    1572510    1290311   Hyper-V stimer0 interrupts
ERR:          0
MIS:          0
PIN:          0          0          0          0          0          0          0          0          0          0          0          0          0          0          0          0          0          0          0          0          0          0          0          0          0          0          0          0          0          0          0          0   Posted-interrupt notification event
NPI:          0          0          0          0          0          0          0          0          0          0          0          0          0          0          0          0          0          0          0          0          0          0          0          0          0          0          0          0          0          0          0          0   Nested posted-interrupt event
PIW:          0          0          0          0          0          0          0          0          0          0          0          0          0          0          0          0          0          0          0          0          0          0          0          0          0          0          0          0          0          0          0          0   Posted-interrupt wakeup event
