0473df36 00000000 000001b5 00000000 00000000 00000000 00000000 00000000 00000000 00000000 00000000 00000000 00000000
0279ca3b 00000000 00000012 00000000 00000000 00000000 00000000 00000000 00000000 00000000 00000000 00000000 00000001
06717795 00000000 0000005a 00000000 00000000 00000000 00000000 00000000 00000000 00000000 00000000 00000000 00000002
073485ce 00000000 0000009d 00000000 00000000 00000000 00000000 00000000 00000000 00000000 00000000 00000000 00000003
05deff9a 00000000 000000ae 00000000 00000000 00000000 00000000 00000000 00000000 00000000 00000000 00000007 00000004
06f8c02b 00000000 000000e6 00000000 00000000 00000000 00000000 00000000 00000000 00000000 00000000 00000014 00000005
0749549a 00000000 00000085 00000000 00000000 00000000 00000000 00000000 00000000 00000000 00000000 00000000 00000006
06ea89fb 00000000 000000bb 00000000 00000000 00000000 00000000 00000000 00000000 00000000 00000000 00000000 00000007
06c0c680 00000000 0000010d 00000000 00000000 00000000 00000000 00000000 00000000 00000000 00000000 00000000 00000008
056a6f79 00000000 0000010e 00000000 00000000 00000000 00000000 00000000 00000000 00000000 00000000 00000000 00000009
05519ad7 00000000 000000a9 00000000 00000000 00000000 00000000 00000000 00000000 00000000 00000000 00000000 0000000a
0771235b 00000000 0000011f 00000000 00000000 00000000 00000000 00000000 00000000 00000000 00000000 00000000 0000000b
068029d6 00000000 00000109 00000000 00000000 00000000 00000000 00000000 00000000 00000000 00000000 00000008 0000000c
04e77a84 00000000 00000072 00000000 00000000 00000000 00000000 00000000 00000000 00000000 00000000 0000001a 0000000d
0707eed2 00000000 0000009e 00000000 00000000 00000000 00000000 00000000 00000000 00000000 00000000 00000000 0000000e
06193add 00000000 000000f8 00000000 00000000 00000000 00000000 00000000 00000000 00000000 00000000 00000000 0000000f
0630aaac 00000000 0000016e 00000000 00000000 00000000 00000000 00000000 00000000 00000000 00000000 00000000 00000010
0617c05e 00000000 00000194 00000000 00000000 00000000 00000000 00000000 00000000 00000000 00000000 00000001 00000011
05e85d19 00000000 00000138 00000000 00000000 00000000 00000000 00000000 00000000 00000000 00000000 00000000 00000012
06cbf478 00000000 000000d0 00000000 00000000 00000000 00000000 00000000 00000000 00000000 00000000 00000000 00000013
0612a94c 00000000 000000f4 00000000 00000000 00000000 00000000 00000000 00000000 00000000 00000000 00000000 00000014
06ecd096 00000000 00000087 00000000 00000000 00000000 00000000 00000000 00000000 00000000 00000000 00000000 00000015
05100b21 00000000 00000089 00000000 00000000 00000000 00000000 00000000 00000000 00000000 00000000 00000014 00000016
06c25fb9 00000000 000000d9 00000000 00000000 00000000 00000000 00000000 00000000 00000000 00000000 00000000 00000017
0628726f 00000000 00000154 00000000 00000000 00000000 00000000 00000000 00000000 00000000 00000000 00000000 00000018
06b56c53 00000000 0000011a 00000000 00000000 00000000 00000000 00000000 00000000 00000000 00000000 00000000 00000019
0588741a 00000000 0000010a 00000000 00000000 00000000 00000000 00000000 00000000 00000000 00000000 00000000 0000001a
052ab905 00000000 000002df 00000000 00000000 00000000 00000000 00000000 00000000 00000000 00000000 00000000 0000001b
058f730a 00000000 00000163 00000000 00000000 00000000 00000000 00000000 00000000 00000000 00000000 00000000 0000001c
04e1eea5 00000000 0000008e 00000000 00000000 00000000 00000000 00000000 00000000 00000000 00000000 00000000 0000001d
05077b98 00000000 000000c3 00000000 00000000 00000000 00000000 00000000 00000000 00000000 00000000 00000000 0000001e
065ecf5e 00000000 0000011e 00000000 00000000 00000000 00000000 00000000 00000000 00000000 00000000 00000001 0000001f
