043710e1 00000000 000001b5 00000000 00000000 00000000 00000000 00000000 00000000 00000000 00000000 00000000 00000000
0258e02f 00000000 00000011 00000000 00000000 00000000 00000000 00000000 00000000 00000000 00000000 00000000 00000001
043f65ed 00000000 0000002b 00000000 00000000 00000000 00000000 00000000 00000000 00000000 00000000 00000000 00000002
0410826e 00000000 0000008a 00000000 00000000 00000000 00000000 00000000 00000000 00000000 00000000 00000000 00000003
03d22377 00000000 0000002e 00000000 00000000 00000000 00000000 00000000 00000000 00000000 00000000 00000000 00000004
041b4860 00000000 000000a6 00000000 00000000 00000000 00000000 00000000 00000000 00000000 00000000 00000000 00000005
043dc1da 00000000 00000055 00000000 00000000 00000000 00000000 00000000 00000000 00000000 00000000 00000000 00000006
04430309 00000000 00000086 00000000 00000000 00000000 00000000 00000000 00000000 00000000 00000000 00000000 00000007
045ded85 00000000 00000087 00000000 00000000 00000000 00000000 00000000 00000000 00000000 00000000 00000000 00000008
041b7e71 00000000 00000066 00000000 00000000 00000000 00000000 00000000 00000000 00000000 00000000 00000000 00000009
03e7ef1f 00000000 00000040 00000000 00000000 00000000 00000000 00000000 00000000 00000000 00000000 00000000 0000000a
0405e0f1 00000000 00000068 00000000 00000000 00000000 00000000 00000000 00000000 00000000 00000000 00000000 0000000b
0425d5cd 00000000 00000073 00000000 00000000 00000000 00000000 00000000 00000000 00000000 00000000 00000000 0000000c
03f8eb12 00000000 00000066 00000000 00000000 00000000 00000000 00000000 00000000 00000000 00000000 00000000 0000000d
0407195d 00000000 0000005f 00000000 00000000 00000000 00000000 00000000 00000000 00000000 00000000 00000000 0000000e
04113788 00000000 000000b1 00000000 00000000 00000000 00000000 00000000 00000000 00000000 00000000 00000000 0000000f
040de459 00000000 0000011e 00000000 00000000 00000000 00000000 00000000 00000000 00000000 00000000 00000000 00000010
04372238 00000000 000000fd 00000000 00000000 00000000 00000000 00000000 00000000 00000000 00000000 00000000 00000011
03c2a5f5 00000000 00000043 00000000 00000000 00000000 00000000 00000000 00000000 00000000 00000000 00000000 00000012
040576c6 00000000 0000007c 00000000 00000000 00000000 00000000 00000000 00000000 00000000 00000000 00000000 00000013
03af3a48 00000000 000000bf 00000000 00000000 00000000 00000000 00000000 00000000 00000000 00000000 00000000 00000014
03de1bec 00000000 00000062 00000000 00000000 00000000 00000000 00000000 00000000 00000000 00000000 00000000 00000015
0411a51c 00000000 00000073 00000000 00000000 00000000 00000000 00000000 00000000 00000000 00000000 00000000 00000016
042202dc 00000000 00000032 00000000 00000000 00000000 00000000 00000000 00000000 00000000 00000000 00000000 00000017
041f3d4d 00000000 0000006d 00000000 00000000 00000000 00000000 00000000 00000000 00000000 00000000 00000000 00000018
040c7520 00000000 000000d0 00000000 00000000 00000000 00000000 00000000 00000000 00000000 00000000 00000000 00000019
03d8cf81 00000000 0000003f 00000000 00000000 00000000 00000000 00000000 00000000 00000000 00000000 00000000 0000001a
0448e28f 00000000 000002bf 00000000 00000000 00000000 00000000 00000000 00000000 00000000 00000000 00000000 0000001b
043f81e9 00000000 000000c7 00000000 00000000 00000000 00000000 00000000 00000000 00000000 00000000 00000000 0000001c
03ce3700 00000000 00000078 00000000 00000000 00000000 00000000 00000000 00000000 00000000 00000000 00000000 0000001d
03c25420 00000000 0000005e 00000000 00000000 00000000 00000000 00000000 00000000 00000000 00000000 00000000 0000001e
041b6330 00000000 0000007e 00000000 00000000 00000000 00000000 00000000 00000000 00000000 00000000 00000000 0000001f
