           CPU0       CPU1       CPU2       CPU3       CPU4       CPU5       CPU6       CPU7       CPU8       CPU9       CPU10      CPU11      CPU12      CPU13      CPU14      CPU15      CPU16      CPU17      CPU18      CPU19      CPU20      CPU21      CPU22      CPU23      CPU24      CPU25      CPU26      CPU27      CPU28      CPU29      CPU30      CPU31      
  4:          0          0        999          0          0          0          0          0          0          0          0          0          0          0          0          0          0          0          0          0          0          0          0          0          0          0          0          0          0          0          0         13   IO-APIC   4-edge      ttyS0
  8:          0          0          0          0          0          0          0          0          0          0          0          0          0          0          0          0          0          0          0          0          0          0          0          0          0          0          0          0          0          0          0          0   IO-APIC   8-edge      rtc0
  9:          0          0          0          0          0          0          0          0          0          0          0          0          0          0          0          0          0          0          0          0          0          0          0          0          0          0          0          0          0          0          0          0   IO-APIC   9-fasteoi   acpi
 24:          0    2841087          0       1129          0          0          0          0          0          0          0          0          0          0          0          0          0          0          0          0          0          0          0          0          0          0          0          0          0          0          0          0  Hyper-V PCIe MSI 7814021939200-edge      mlx5_async0@pci:e36b:00:02.0
 25:   10917184          0          0          0          1          0          0          0          0          0          0          0          0          0          0          0          0          0          0          0          0          0          0          0          0          0          0          0          0          0          0          0  Hyper-V PCIe MSI 7814021939201-edge      mlx5_comp0@pci:e36b:00:02.0
 26:          0         31          0          0          0          1          0          0          0          0          0          0          0          0          0          0          0          0          0          0   11267291          0          0          0          0          0          0          0          0          0          0          0  Hyper-V PCIe MSI 7814021939202-edge      mlx5_comp1@pci:e36b:00:02.0
 27:          0          0         14          0          0          0          1          0          0          0          0          0          0          0          0          0          0          0          0          0          0   10365317          0          0          0          0          0          0          0          0          0          0  Hyper-V PCIe MSI 7814021939203-edge      mlx5_comp2@pci:e36b:00:02.0
 28:          0          0          0          2          0          0   10821019          1          0          0          0          0          0          0          0          0          0          0          0          0          0          0          0          0          0          0          0          0          0          0          0          0  Hyper-V PCIe MSI 7814021939204-edge      mlx5_comp3@pci:e36b:00:02.0
 29:          0          0          0          0          2          0          0   11022162          1          0          0          0          0          0          0          0          0          0          0          0          0          0          0          0          0          0          0          0          0          0          0          0  Hyper-V PCIe MSI 7814021939205-edge      mlx5_comp4@pci:e36b:00:02.0
 30:          0          0          0          0          0   10930264          0          0          0          1          0          0          0          0          0          0          0          0          0          0          0          0          0          0          0          0          0          0          0          0          0          0  Hyper-V PCIe MSI 7814021939206-edge      mlx5_comp5@pci:e36b:00:02.0
 31:          0          0          0          0   10537649          0         14          0          0          0          1          0          0          0          0          0          0          0          0          0          0          0          0          0          0          0          0          0          0          0          0          0  Hyper-V PCIe MSI 7814021939207-edge      mlx5_comp6@pci:e36b:00:02.0
 32:          0          0          0   10620574          0          0          0          2          0          0          0          1          0          0          0          0          0          0          0          0          0          0          0          0          0          0          0          0          0          0          0          0  Hyper-V PCIe MSI 7814021939208-edge      mlx5_comp7@pci:e36b:00:02.0
 33:          0          0   10878777          0          0          0          0          0         74          0          0          0          1          0          0          0          0          0          0          0          0          0          0          0          0          0          0          0          0          0          0          0  Hyper-V PCIe MSI 7814021939209-edge      mlx5_comp8@pci:e36b:00:02.0
 34:          0          0          0          0          0          0          0          0          0          2          0          0          0          1          0          0          0          0          0          0          0          0   10445897          0          0          0          0          0          0          0          0          0  Hyper-V PCIe MSI 7814021939210-edge      mlx5_comp9@pci:e36b:00:02.0
 35:          0          0          0          0          0          0          0          0          0          0          4          0          0          0          1          0          0          0          0          0          0          0          0   10279610          0          0          0          0          0          0          0          0  Hyper-V PCIe MSI 7814021939211-edge      mlx5_comp10@pci:e36b:00:02.0
 36:          0          0          0          0          0          0          0          0          0          0   10284397          2          0          0          0          1          0          0          0          0          0          0          0          0          0          0          0          0          0          0          0          0  Hyper-V PCIe MSI 7814021939212-edge      mlx5_comp11@pci:e36b:00:02.0
 37:          0          0          0          0          0          0          0          0          0          0          0   10907286         14          0          0          0          1          0          0          0          0          0          0          0          0          0          0          0          0          0          0          0  Hyper-V PCIe MSI 7814021939213-edge      mlx5_comp12@pci:e36b:00:02.0
 38:          0          0          0          0          0          0          0          0          0          0          0          0          0          9          0          0          0          1          0          0          0          0          0          0          0          0          0          0          0   10645371          0          0  Hyper-V PCIe MSI 7814021939214-edge      mlx5_comp13@pci:e36b:00:02.0
 39:          0          0          0          0          0          0          0          0          0          0          0          0          0          0         51          0          0          0          1          0          0          0          0          0          0          0          0          0   10959298          0          0          0  Hyper-V PCIe MSI 7814021939215-edge      mlx5_comp14@pci:e36b:00:02.0
 40:          0          0          0          0          0          0          0          0          0          0          0          0          0          0          0          1          0          0          0          1          0          0          0          0          0          0    9976002          0          0          0          0          0  Hyper-V PCIe MSI 7814021939216-edge      mlx5_comp15@pci:e36b:00:02.0
 41:          0          0          0          0          0          0          0          0          0          0          0          0          0          0          0          0          8          0          0          0          1          0          0          0          0          0          0   10964778          0          0          0          0  Hyper-V PCIe MSI 7814021939217-edge      mlx5_comp16@pci:e36b:00:02.0
 42:          0          0          0          0          0          0          0          0          0          0          0          0          0          0          0          0          0         19          0          0          0          1          0          0   10188521          0          0          0          0          0          0          0  Hyper-V PCIe MSI 7814021939218-edge      mlx5_comp17@pci:e36b:00:02.0
 43:          0          0          0          0          0          0          0          0          0          0          0          0          0          0          0          0          0          0         29          0          0          0          1          0          0   11004426          0          0          0          0          0          0  Hyper-V PCIe MSI 7814021939219-edge      mlx5_comp18@pci:e36b:00:02.0
 44:          0          0          0          0          0          0          0          0          0          0          0          0   10349367          0          0          0          0          0          0          3          0          0          0          1          0          0          0          0          0          0          0          0  Hyper-V PCIe MSI 7814021939220-edge      mlx5_comp19@pci:e36b:00:02.0
 45:          0          0          0          0          0          0          0          0          0          0          0          0          0   10772242          0          0          0          0          0          0          3          0          0          0          1          0          0          0          0          0          0          0  Hyper-V PCIe MSI 7814021939221-edge      mlx5_comp20@pci:e36b:00:02.0
 46:          0          0          0          0          0          0          0          0   10539826          0          0          0          0          0          0          0          0          0          0          0          0         97          0          0          0          1          0          0          0          0          0          0  Hyper-V PCIe MSI 7814021939222-edge      mlx5_comp21@pci:e36b:00:02.0
 47:          0          0          0          0          0          0          0          0          0   10851380          0          0          0          0          0          0          0          0          0          0          0          0          6          0          0          0          1          0          0          0          0          0  Hyper-V PCIe MSI 7814021939223-edge      mlx5_comp22@pci:e36b:00:02.0
 48:          0          0          0          0          0          0          0          0          0          0          0          0          0          0          0          0          0          0          0   10263129          0          0          0          7          0          0          0          1          0          0          0          0  Hyper-V PCIe MSI 7814021939224-edge      mlx5_comp23@pci:e36b:00:02.0
 49:          0          0          0          0          0          0          0          0          0          0          0          0          0          0          0          0          0          0   10019395          0          0          0          0          0         19          0          0          0          1          0          0          0  Hyper-V PCIe MSI 7814021939225-edge      mlx5_comp24@pci:e36b:00:02.0
 50:          0          0          0          0          0          0          0          0          0          0          0          0          0          0          0          0   10555880          0          0          0          0          0          0          0          0         39          0          0          0          1          0          0  Hyper-V PCIe MSI 7814021939226-edge      mlx5_comp25@pci:e36b:00:02.0
 51:          0          0          0          0          0          0          0          0          0          0          0          0          0          0          0          0          0   10259994          0          0          0          0          0          0          0          0          5          0          0          0          1          0  Hyper-V PCIe MSI 7814021939227-edge      mlx5_comp26@pci:e36b:00:02.0
 52:          0          0          0          0          0          0          0          0          0          0          0          0          0          0   10382861          0          0          0          0          0          0          0          0          0          0          0          0        116          0          0          0          1  Hyper-V PCIe MSI 7814021939228-edge      mlx5_comp27@pci:e36b:00:02.0
 53:          1          0          0          0          0          0          0          0          0          0          0          0          0          0          0   10603054          0          0          0          0          0          0          0          0          0          0          0          0         33          0          0          0  Hyper-V PCIe MSI 7814021939229-edge      mlx5_comp28@pci:e36b:00:02.0
 54:          0          1          0          0          0          0          0          0          0          0          0          0          0          0          0          0          0          0          0          0          0          0          0          0          0          0          0          0          0          6   10061223          0  Hyper-V PCIe MSI 7814021939230-edge      mlx5_comp29@pci:e36b:00:02.0
 55:          0          0          1          0          0          0          0          0          0          0          0          0          0          0          0          0          0          0          0          0          0          0          0          0          0          0          0          0          0          0        247   10911365  Hyper-V PCIe MSI 7814021939231-edge      mlx5_comp30@pci:e36b:00:02.0
NMI:          0          0          0          0          0          0          0          0          0          0          0          0          0          0          0          0          0          0          0          0          0          0          0          0          0          0          0          0          0          0          0          0   Non-maskable interrupts
LOC:          0          0          0          0          0          0          0          0          0          0          0          0          0          0          0          0          0          0          0          0          0          0          0          0          0          0          0          0          0          0          0          0   Local timer interrupts
SPU:          0          0          0          0          0          0          0          0          0          0          0          0          0          0          0          0          0          0          0          0          0          0          0          0          0          0          0          0          0          0          0          0   Spurious interrupts
PMI:          0          0          0          0          0          0          0          0          0          0          0          0          0          0          0          0          0          0          0          0          0          0          0          0          0          0          0          0          0          0          0          0   Performance monitoring interrupts
IWI:       1663        749        708        616        725        586        885        649        658        570        748        517        847        531        725        566        710        694       3997        750        841        981       1022        819        846        964       1010        729        950        877        895        748   IRQ work interrupts
RTR:          0          0          0          0          0          0          0          0          0          0          0          0          0          0          0          0          0          0          0          0          0          0          0          0          0          0          0          0          0          0          0          0   APIC ICR read retries
RES:     201374      16118     206095     209230     206309     221729     214255     209520     195178     205988     212241     197160     202431     189536     207362     204983     203312     179238     207576     186491     183852     184283     210034     184371     188228     209601     195351     183395     223536     197930     200198     193398   Rescheduling interrupts
CAL:     307356     197408     285068     194080     310903     183378     292467     187860     280745     178110     286777     174362     277842     170751     300716     185242     281214     168023     291942     155224     286079     169661     285962     170809     288211     172771     303129     152593     282223     157480     298660     165960   Function call interrupts
TLB:          0          0          0          0          0          0          0          0          0          0          0          0          0          0          0          0          0          0          0          0          0          0          0          0          0          0          0          0          0          0          0          0   TLB shootdowns
TRM:          0          0          0          0          0          0          0          0          0          0          0          0          0          0          0          0          0          0          0          0          0          0          0          0          0          0          0          0          0          0          0          0   Thermal event interrupts
THR:          0          0          0          0          0          0          0          0          0          0          0          0          0          0          0          0          0          0          0          0          0          0          0          0          0          0          0          0          0          0          0          0   Threshold APIC interrupts
DFR:          0          0          0          0          0          0          0          0          0          0          0          0          0          0          0          0          0          0          0          0          0          0          0          0          0          0          0          0          0          0          0          0   Deferred Error APIC interrupts
MCE:          0          0          0          0          0          0          0          0          0          0          0          0          0          0          0          0          0          0          0          0          0          0          0          0          0          0          0          0          0          0          0          0   Machine check exceptions
MCP:         10         10         10         10         10         10         10         10         10         10         10         10         10         10         10         10         10         10         10         10         10         10         10         10         10         10         10         10         10         10         10         10   Machine check polls
HYP:      16137      23361          5      12580      37064      22851      21952      14144      16037      12856          0          1         31          0          0          0          0       1073        943       1635       1554       1175       1008        843        885       1366        943       1254        968        894       1043        842   Hypervisor callback interrupts
HRE:          0          0          0          0          0          0          0          0          0          0          0          0          0          0          0          0          0          0          0          0          0          0          0          0          0          0          0          0          0          0          0          0   Hyper-V reenlightenment interrupts
HVS:     809333    1141250    1093723    1076897    1124413     932886    1115566    1018500    1084066    1032887    1102825     977996    1133494    1031008    1066357     988991    1076506     954857    1217032     956272    1175325    1078057    1102895    1074709    1085544    1044702    1210882     810615    1071002     961637    1134364     987672   Hyper-V stimer0 interrupts
ERR:          0
MIS:          0
PIN:          0          0          0          0          0          0          0          0          0          0          0          0          0          0          0          0          0          0          0          0          0          0          0          0          0          0          0          0          0          0          0          0   Posted-interrupt notification event
NPI:          0          0          0          0          0          0          0          0          0          0          0          0          0          0          0          0          0          0          0          0          0          0          0          0          0          0          0          0          0          0          0          0   Nested posted-interrupt event
PIW:          0          0          0          0          0          0          0          0          0          0          0          0          0          0          0          0          0          0          0          0          0          0          0          0          0          0          0          0          0          0          0          0   Posted-interrupt wakeup event
