0307eaa2 00000000 000001ae 00000000 00000000 00000000 00000000 00000000 00000000 00000000 00000000 00000000 00000000
018edcdf 00000000 00000010 00000000 00000000 00000000 00000000 00000000 00000000 00000000 00000000 00000000 00000001
02c51776 00000000 0000002b 00000000 00000000 00000000 00000000 00000000 00000000 00000000 00000000 00000000 00000002
02ad9197 00000000 00000088 00000000 00000000 00000000 00000000 00000000 00000000 00000000 00000000 00000000 00000003
0271b9f0 00000000 0000002d 00000000 00000000 00000000 00000000 00000000 00000000 00000000 00000000 00000000 00000004
0298bb5a 00000000 000000a3 00000000 00000000 00000000 00000000 00000000 00000000 00000000 00000000 00000000 00000005
028de8b5 00000000 00000043 00000000 00000000 00000000 00000000 00000000 00000000 00000000 00000000 00000000 00000006
02b867ab 00000000 0000007c 00000000 00000000 00000000 00000000 00000000 00000000 00000000 00000000 00000000 00000007
02bd17d4 00000000 0000007e 00000000 00000000 00000000 00000000 00000000 00000000 00000000 00000000 00000000 00000008
02a2848d 00000000 00000063 00000000 00000000 00000000 00000000 00000000 00000000 00000000 00000000 00000000 00000009
028a0766 00000000 0000003f 00000000 00000000 00000000 00000000 00000000 00000000 00000000 00000000 00000000 0000000a
02afb2d3 00000000 00000065 00000000 00000000 00000000 00000000 00000000 00000000 00000000 00000000 00000000 0000000b
02acf4fc 00000000 0000006f 00000000 00000000 00000000 00000000 00000000 00000000 00000000 00000000 00000000 0000000c
02a0870d 00000000 00000066 00000000 00000000 00000000 00000000 00000000 00000000 00000000 00000000 00000000 0000000d
02b07d0f 00000000 0000005b 00000000 00000000 00000000 00000000 00000000 00000000 00000000 00000000 00000000 0000000e
027b485e 00000000 000000af 00000000 00000000 00000000 00000000 00000000 00000000 00000000 00000000 00000000 0000000f
02b9b979 00000000 0000011e 00000000 00000000 00000000 00000000 00000000 00000000 00000000 00000000 00000000 00000010
02c9904c 00000000 000000f8 00000000 00000000 00000000 00000000 00000000 00000000 00000000 00000000 00000000 00000011
02609327 00000000 0000003d 00000000 00000000 00000000 00000000 00000000 00000000 00000000 00000000 00000000 00000012
02a45434 00000000 00000078 00000000 00000000 00000000 00000000 00000000 00000000 00000000 00000000 00000000 00000013
0274d6a6 00000000 000000bc 00000000 00000000 00000000 00000000 00000000 00000000 00000000 00000000 00000000 00000014
026b6fd7 00000000 0000005e 00000000 00000000 00000000 00000000 00000000 00000000 00000000 00000000 00000000 00000015
02a9d0dc 00000000 00000071 00000000 00000000 00000000 00000000 00000000 00000000 00000000 00000000 00000000 00000016
027a71ca 00000000 0000002f 00000000 00000000 00000000 00000000 00000000 00000000 00000000 00000000 00000000 00000017
02af0a23 00000000 00000068 00000000 00000000 00000000 00000000 00000000 00000000 00000000 00000000 00000000 00000018
02763ff2 00000000 000000c7 00000000 00000000 00000000 00000000 00000000 00000000 00000000 00000000 00000000 00000019
026348d2 00000000 0000003d 00000000 00000000 00000000 00000000 00000000 00000000 00000000 00000000 00000000 0000001a
02fbe9de 00000000 000002bd 00000000 00000000 00000000 00000000 00000000 00000000 00000000 00000000 00000000 0000001b
02aafeda 00000000 000000c1 00000000 00000000 00000000 00000000 00000000 00000000 00000000 00000000 00000000 0000001c
029e0b0c 00000000 00000073 00000000 00000000 00000000 00000000 00000000 00000000 00000000 00000000 00000000 0000001d
02752f11 00000000 0000005b 00000000 00000000 00000000 00000000 00000000 00000000 00000000 00000000 00000000 0000001e
029a9b72 00000000 00000077 00000000 00000000 00000000 00000000 00000000 00000000 00000000 00000000 00000000 0000001f
