02ddd55f 00000000 000001ae 00000000 00000000 00000000 00000000 00000000 00000000 00000000 00000000 00000000 00000000
01883ee2 00000000 00000010 00000000 00000000 00000000 00000000 00000000 00000000 00000000 00000000 00000000 00000001
02a05da3 00000000 0000002b 00000000 00000000 00000000 00000000 00000000 00000000 00000000 00000000 00000000 00000002
028bf29c 00000000 00000088 00000000 00000000 00000000 00000000 00000000 00000000 00000000 00000000 00000000 00000003
026397ed 00000000 0000002d 00000000 00000000 00000000 00000000 00000000 00000000 00000000 00000000 00000000 00000004
0281d73c 00000000 000000a3 00000000 00000000 00000000 00000000 00000000 00000000 00000000 00000000 00000000 00000005
0273f764 00000000 00000043 00000000 00000000 00000000 00000000 00000000 00000000 00000000 00000000 00000000 00000006
0295ded8 00000000 0000007c 00000000 00000000 00000000 00000000 00000000 00000000 00000000 00000000 00000000 00000007
02a35775 00000000 0000007e 00000000 00000000 00000000 00000000 00000000 00000000 00000000 00000000 00000000 00000008
027a3c96 00000000 00000063 00000000 00000000 00000000 00000000 00000000 00000000 00000000 00000000 00000000 00000009
027019ec 00000000 0000003f 00000000 00000000 00000000 00000000 00000000 00000000 00000000 00000000 00000000 0000000a
02926020 00000000 00000065 00000000 00000000 00000000 00000000 00000000 00000000 00000000 00000000 00000000 0000000b
0288fc41 00000000 0000006f 00000000 00000000 00000000 00000000 00000000 00000000 00000000 00000000 00000000 0000000c
02836a28 00000000 00000066 00000000 00000000 00000000 00000000 00000000 00000000 00000000 00000000 00000000 0000000d
028c6928 00000000 0000005b 00000000 00000000 00000000 00000000 00000000 00000000 00000000 00000000 00000000 0000000e
027460c0 00000000 000000af 00000000 00000000 00000000 00000000 00000000 00000000 00000000 00000000 00000000 0000000f
029b22e9 00000000 0000011e 00000000 00000000 00000000 00000000 00000000 00000000 00000000 00000000 00000000 00000010
029ba2d0 00000000 000000f8 00000000 00000000 00000000 00000000 00000000 00000000 00000000 00000000 00000000 00000011
023650df 00000000 0000003c 00000000 00000000 00000000 00000000 00000000 00000000 00000000 00000000 00000000 00000012
027c2930 00000000 00000078 00000000 00000000 00000000 00000000 00000000 00000000 00000000 00000000 00000000 00000013
0261ac90 00000000 000000bc 00000000 00000000 00000000 00000000 00000000 00000000 00000000 00000000 00000000 00000014
02595505 00000000 0000005e 00000000 00000000 00000000 00000000 00000000 00000000 00000000 00000000 00000000 00000015
02702dac 00000000 00000071 00000000 00000000 00000000 00000000 00000000 00000000 00000000 00000000 00000000 00000016
0252d424 00000000 0000002f 00000000 00000000 00000000 00000000 00000000 00000000 00000000 00000000 00000000 00000017
0299ad4d 00000000 00000068 00000000 00000000 00000000 00000000 00000000 00000000 00000000 00000000 00000000 00000018
025f3813 00000000 000000c7 00000000 00000000 00000000 00000000 00000000 00000000 00000000 00000000 00000000 00000019
024ec035 00000000 0000003d 00000000 00000000 00000000 00000000 00000000 00000000 00000000 00000000 00000000 0000001a
02ea1a63 00000000 000002bd 00000000 00000000 00000000 00000000 00000000 00000000 00000000 00000000 00000000 0000001b
028c9bcd 00000000 000000bf 00000000 00000000 00000000 00000000 00000000 00000000 00000000 00000000 00000000 0000001c
028c6480 00000000 00000073 00000000 00000000 00000000 00000000 00000000 00000000 00000000 00000000 00000000 0000001d
025b5f9d 00000000 0000005b 00000000 00000000 00000000 00000000 00000000 00000000 00000000 00000000 00000000 0000001e
02890bdd 00000000 00000077 00000000 00000000 00000000 00000000 00000000 00000000 00000000 00000000 00000000 0000001f
