           CPU0       CPU1       CPU2       CPU3       CPU4       CPU5       CPU6       CPU7       CPU8       CPU9       CPU10      CPU11      CPU12      CPU13      CPU14      CPU15      CPU16      CPU17      CPU18      CPU19      CPU20      CPU21      CPU22      CPU23      CPU24      CPU25      CPU26      CPU27      CPU28      CPU29      CPU30      CPU31      
  4:          0          0        876          0          0          0          0          0          0          0          0          0          0          0          0          0          0          0          0          0          0          0          0          0          0          0          0          0          0          0          0         13   IO-APIC   4-edge      ttyS0
  8:          0          0          0          0          0          0          0          0          0          0          0          0          0          0          0          0          0          0          0          0          0          0          0          0          0          0          0          0          0          0          0          0   IO-APIC   8-edge      rtc0
  9:          0          0          0          0          0          0          0          0          0          0          0          0          0          0          0          0          0          0          0          0          0          0          0          0          0          0          0          0          0          0          0          0   IO-APIC   9-fasteoi   acpi
 24:          0    4081700          0       2309          0          0          0          0          0          0          0          0          0          0          0          0          0          0          0          0          0          0          0          0          0          0          0          0          0          0          0          0  Hyper-V PCIe MSI 7896297406464-edge      mlx5_async0@pci:e5d0:00:02.0
 25:   14420599          0          0          0          1          0          0          0          0          0          0          0          0          0          0          0          0          0          0          0          0          0          0          0          0          0          0          0          0          0          0          0  Hyper-V PCIe MSI 7896297406465-edge      mlx5_comp0@pci:e5d0:00:02.0
 26:          0          7          0          0          0          1          0          0          0          0          0          0          0          0          0          0          0          0          0          0   13844946          0          0          0          0          0          0          0          0          0          0          0  Hyper-V PCIe MSI 7896297406466-edge      mlx5_comp1@pci:e5d0:00:02.0
 27:          0          0         28          0          0          0          1          0          0          0          0          0          0          0          0          0          0          0          0          0          0   14517753          0          0          0          0          0          0          0          0          0          0  Hyper-V PCIe MSI 7896297406467-edge      mlx5_comp2@pci:e5d0:00:02.0
 28:          0          0          0         31          0          0   12164206          1          0          0          0          0          0          0          0          0          0          0          0          0          0          0          0          0          0          0          0          0          0          0          0          0  Hyper-V PCIe MSI 7896297406468-edge      mlx5_comp3@pci:e5d0:00:02.0
 29:          0          0          0          0         55          0          0   13418347          1          0          0          0          0          0          0          0          0          0          0          0          0          0          0          0          0          0          0          0          0          0          0          0  Hyper-V PCIe MSI 7896297406469-edge      mlx5_comp4@pci:e5d0:00:02.0
 30:          0          0          0          0          0   12514078          0          0          0          1          0          0          0          0          0          0          0          0          0          0          0          0          0          0          0          0          0          0          0          0          0          0  Hyper-V PCIe MSI 7896297406470-edge      mlx5_comp5@pci:e5d0:00:02.0
 31:          0          0          0          0   13598696          0          8          0          0          0          1          0          0          0          0          0          0          0          0          0          0          0          0          0          0          0          0          0          0          0          0          0  Hyper-V PCIe MSI 7896297406471-edge      mlx5_comp6@pci:e5d0:00:02.0
 32:          0          0          0   13320073          0          0          0          3          0          0          0          1          0          0          0          0          0          0          0          0          0          0          0          0          0          0          0          0          0          0          0          0  Hyper-V PCIe MSI 7896297406472-edge      mlx5_comp7@pci:e5d0:00:02.0
 33:          0          0   14346251          0          0          0          0          0         30          0          0          0          1          0          0          0          0          0          0          0          0          0          0          0          0          0          0          0          0          0          0          0  Hyper-V PCIe MSI 7896297406473-edge      mlx5_comp8@pci:e5d0:00:02.0
 34:          0          0          0          0          0          0          0          0          0          3          0          0          0          1          0          0          0          0          0          0          0          0   13056185          0          0          0          0          0          0          0          0          0  Hyper-V PCIe MSI 7896297406474-edge      mlx5_comp9@pci:e5d0:00:02.0
 35:          0          0          0          0          0          0          0          0          0          0          3          0          0          0          1          0          0          0          0          0          0          0          0   14772560          0          0          0          0          0          0          0          0  Hyper-V PCIe MSI 7896297406475-edge      mlx5_comp10@pci:e5d0:00:02.0
 36:          0          0          0          0          0          0          0          0          0          0   13009298         28          0          0          0          1          0          0          0          0          0          0          0          0          0          0          0          0          0          0          0          0  Hyper-V PCIe MSI 7896297406476-edge      mlx5_comp11@pci:e5d0:00:02.0
 37:          0          0          0          0          0          0          0          0          0          0          0   14005990          4          0          0          0          1          0          0          0          0          0          0          0          0          0          0          0          0          0          0          0  Hyper-V PCIe MSI 7896297406477-edge      mlx5_comp12@pci:e5d0:00:02.0
 38:          0          0          0          0          0          0          0          0          0          0          0          0          0          6          0          0          0          1          0          0          0          0          0          0          0          0          0          0          0   12673141          0          0  Hyper-V PCIe MSI 7896297406478-edge      mlx5_comp13@pci:e5d0:00:02.0
 39:          0          0          0          0          0          0          0          0          0          0          0          0          0          0          4          0          0          0          1          0          0          0          0          0          0          0          0          0   15183393          0          0          0  Hyper-V PCIe MSI 7896297406479-edge      mlx5_comp14@pci:e5d0:00:02.0
 40:          0          0          0          0          0          0          0          0          0          0          0          0          0          0          0          4          0          0          0          1          0          0          0          0          0          0   14057125          0          0          0          0          0  Hyper-V PCIe MSI 7896297406480-edge      mlx5_comp15@pci:e5d0:00:02.0
 41:          0          0          0          0          0          0          0          0          0          0          0          0          0          0          0          0         21          0          0          0          1          0          0          0          0          0          0   13936241          0          0          0          0  Hyper-V PCIe MSI 7896297406481-edge      mlx5_comp16@pci:e5d0:00:02.0
 42:          0          0          0          0          0          0          0          0          0          0          0          0          0          0          0          0          0        254          0          0          0          1          0          0   13305206          0          0          0          0          0          0          0  Hyper-V PCIe MSI 7896297406482-edge      mlx5_comp17@pci:e5d0:00:02.0
 43:          0          0          0          0          0          0          0          0          0          0          0          0          0          0          0          0          0          0         16          0          0          0          1          0          0   13978530          0          0          0          0          0          0  Hyper-V PCIe MSI 7896297406483-edge      mlx5_comp18@pci:e5d0:00:02.0
 44:          0          0          0          0          0          0          0          0          0          0          0          0   13445652          0          0          0          0          0          0         17          0          0          0          1          0          0          0          0          0          0          0          0  Hyper-V PCIe MSI 7896297406484-edge      mlx5_comp19@pci:e5d0:00:02.0
 45:          0          0          0          0          0          0          0          0          0          0          0          0          0   14158264          0          0          0          0          0          0         22          0          0          0          1          0          0          0          0          0          0          0  Hyper-V PCIe MSI 7896297406485-edge      mlx5_comp20@pci:e5d0:00:02.0
 46:          0          0          0          0          0          0          0          0   13104386          0          0          0          0          0          0          0          0          0          0          0          0         32          0          0          0          1          0          0          0          0          0          0  Hyper-V PCIe MSI 7896297406486-edge      mlx5_comp21@pci:e5d0:00:02.0
 47:          0          0          0          0          0          0          0          0          0   13845025          0          0          0          0          0          0          0          0          0          0          0          0          7          0          0          0          1          0          0          0          0          0  Hyper-V PCIe MSI 7896297406487-edge      mlx5_comp22@pci:e5d0:00:02.0
 48:          0          0          0          0          0          0          0          0          0          0          0          0          0          0          0          0          0          0          0   12966743          0          0          0         21          0          0          0          1          0          0          0          0  Hyper-V PCIe MSI 7896297406488-edge      mlx5_comp23@pci:e5d0:00:02.0
 49:          0          0          0          0          0          0          0          0          0          0          0          0          0          0          0          0          0          0   14173460          0          0          0          0          0         25          0          0          0          1          0          0          0  Hyper-V PCIe MSI 7896297406489-edge      mlx5_comp24@pci:e5d0:00:02.0
 50:          0          0          0          0          0          0          0          0          0          0          0          0          0          0          0          0   13777487          0          0          0          0          0          0          0          0         19          0          0          0          1          0          0  Hyper-V PCIe MSI 7896297406490-edge      mlx5_comp25@pci:e5d0:00:02.0
 51:          0          0          0          0          0          0          0          0          0          0          0          0          0          0          0          0          0   15023909          0          0          0          0          0          0          0          0         46          0          0          0          1          0  Hyper-V PCIe MSI 7896297406491-edge      mlx5_comp26@pci:e5d0:00:02.0
 52:          0          0          0          0          0          0          0          0          0          0          0          0          0          0   11959129          0          0          0          0          0          0          0          0          0          0          0          0          7          0          0          0          1  Hyper-V PCIe MSI 7896297406492-edge      mlx5_comp27@pci:e5d0:00:02.0
 53:          1          0          0          0          0          0          0          0          0          0          0          0          0          0          0   15166588          0          0          0          0          0          0          0          0          0          0          0          0         17          0          0          0  Hyper-V PCIe MSI 7896297406493-edge      mlx5_comp28@pci:e5d0:00:02.0
 54:          0          1          0          0          0          0          0          0          0          0          0          0          0          0          0          0          0          0          0          0          0          0          0          0          0          0          0          0          0          9   13698994          0  Hyper-V PCIe MSI 7896297406494-edge      mlx5_comp29@pci:e5d0:00:02.0
 55:          0          0          1          0          0          0          0          0          0          0          0          0          0          0          0          0          0          0          0          0          0          0          0          0          0          0          0          0          0          0        230   14836520  Hyper-V PCIe MSI 7896297406495-edge      mlx5_comp30@pci:e5d0:00:02.0
NMI:          0          0          0          0          0          0          0          0          0          0          0          0          0          0          0          0          0          0          0          0          0          0          0          0          0          0          0          0          0          0          0          0   Non-maskable interrupts
LOC:          0          0          0          0          0          0          0          0          0          0          0          0          0          0          0          0          0          0          0          0          0          0          0          0          0          0          0          0          0          0          0          0   Local timer interrupts
SPU:          0          0          0          0          0          0          0          0          0          0          0          0          0          0          0          0          0          0          0          0          0          0          0          0          0          0          0          0          0          0          0          0   Spurious interrupts
PMI:          0          0          0          0          0          0          0          0          0          0          0          0          0          0          0          0          0          0          0          0          0          0          0          0          0          0          0          0          0          0          0          0   Performance monitoring interrupts
IWI:       1025        587        881        730        854        524        799        547        873        528        825        533        832        536        810        532        857        678        996        589       1005        640        931        587        981        598        857        661       1010        735       1061        643   IRQ work interrupts
RTR:          0          0          0          0          0          0          0          0          0          0          0          0          0          0          0          0          0          0          0          0          0          0          0          0          0          0          0          0          0          0          0          0   APIC ICR read retries
RES:     151162       6340     131252     102580     124821     127634     112335     108126     120889     102925     117913     110777     125999     107448     109331     114151     123019     111000     127072     101758     124573     105429     114473     113400     116827     107260     129541     104408     133622     101741     124314     111099   Rescheduling interrupts
CAL:    3706872    3503083    3631713    3012465    3512081    2808563    3353557    2948859    3425841    2925200    3499681    3010282    3505943    2912793    3493215    3100546    3593322    3029184    3417654    2929054    3429672    2893883    3434525    3065887    3559182    3038321    3567831    2893862    3529086    2970221    3555398    3041455   Function call interrupts
TLB:          0          0          0          0          0          0          0          0          0          0          0          0          0          0          0          0          0          0          0          0          0          0          0          0          0          0          0          0          0          0          0          0   TLB shootdowns
TRM:          0          0          0          0          0          0          0          0          0          0          0          0          0          0          0          0          0          0          0          0          0          0          0          0          0          0          0          0          0          0          0          0   Thermal event interrupts
THR:          0          0          0          0          0          0          0          0          0          0          0          0          0          0          0          0          0          0          0          0          0          0          0          0          0          0          0          0          0          0          0          0   Threshold APIC interrupts
DFR:          0          0          0          0          0          0          0          0          0          0          0          0          0          0          0          0          0          0          0          0          0          0          0          0          0          0          0          0          0          0          0          0   Deferred Error APIC interrupts
MCE:          0          0          0          0          0          0          0          0          0          0          0          0          0          0          0          0          0          0          0          0          0          0          0          0          0          0          0          0          0          0          0          0   Machine check exceptions
MCP:          6          6          6          6          6          6          6          6          6          6          6          6          6          6          6          6          6          6          6          6          6          6          6          6          6          6          6          6          6          6          6          6   Machine check polls
HYP:      11022      15091         37      20265      20730      11232      11125      29473      12757       8789          0          0          0          0          0          0          0       3024       2225       1857       1702       2573       2080       2999       1972       2481       2681       2324       2123       2349       2345       2244   Hypervisor callback interrupts
HRE:          0          0          0          0          0          0          0          0          0          0          0          0          0          0          0          0          0          0          0          0          0          0          0          0          0          0          0          0          0          0          0          0   Hyper-V reenlightenment interrupts
HVS:     477472     346016     516575     307235     502402     275010     498255     323704     479823     282982     499372     299302     496023     277111     530434     300703     506199     282850     485592     293449     474070     275719     479052     284137     525129     311674     499132     282959     487170     296252     491079     298811   Hyper-V stimer0 interrupts
ERR:          0
MIS:          0
PIN:          0          0          0          0          0          0          0          0          0          0          0          0          0          0          0          0          0          0          0          0          0          0          0          0          0          0          0          0          0          0          0          0   Posted-interrupt notification event
NPI:          0          0          0          0          0          0          0          0          0          0          0          0          0          0          0          0          0          0          0          0          0          0          0          0          0          0          0          0          0          0          0          0   Nested posted-interrupt event
PIW:          0          0          0          0          0          0          0          0          0          0          0          0          0          0          0          0          0          0          0          0          0          0          0          0          0          0          0          0          0          0          0          0   Posted-interrupt wakeup event
