05f966f3 00000000 00000005 00000000 00000000 00000000 00000000 00000000 00000000 00000000 00000000 00000000 00000000
00cffc66 00000000 00000001 00000000 00000000 00000000 00000000 00000000 00000000 00000000 00000000 00000000 00000001
054844a7 00000000 00000004 00000000 00000000 00000000 00000000 00000000 00000000 00000000 00000000 00000000 00000002
06797200 00000000 00000004 00000000 00000000 00000000 00000000 00000000 00000000 00000000 00000000 00000000 00000003
0528f7fc 00000000 00000008 00000000 00000000 00000000 00000000 00000000 00000000 00000000 00000000 00000000 00000004
05c33379 00000000 00000007 00000000 00000000 00000000 00000000 00000000 00000000 00000000 00000000 00000000 00000005
06ae8e8e 00000000 00000008 00000000 00000000 00000000 00000000 00000000 00000000 00000000 00000000 00000000 00000006
058cf1d2 00000000 00000005 00000000 00000000 00000000 00000000 00000000 00000000 00000000 00000000 00000000 00000007
05dc984c 00000000 00000005 00000000 00000000 00000000 00000000 00000000 00000000 00000000 00000000 00000000 00000008
05d1518e 00000000 00000009 00000000 00000000 00000000 00000000 00000000 00000000 00000000 00000000 00000000 00000009
055d488f 00000000 0000000b 00000000 00000000 00000000 00000000 00000000 00000000 00000000 00000000 00000000 0000000a
04a1d513 00000000 00000008 00000000 00000000 00000000 00000000 00000000 00000000 00000000 00000000 00000000 0000000b
0490d626 00000000 00000006 00000000 00000000 00000000 00000000 00000000 00000000 00000000 00000000 00000000 0000000c
055ef603 00000000 00000008 00000000 00000000 00000000 00000000 00000000 00000000 00000000 00000000 00000000 0000000d
06a63270 00000000 00000004 00000000 00000000 00000000 00000000 00000000 00000000 00000000 00000000 00000000 0000000e
04c01ea6 00000000 00000008 00000000 00000000 00000000 00000000 00000000 00000000 00000000 00000000 00000000 0000000f
05a8c778 00000000 00000001 00000000 00000000 00000000 00000000 00000000 00000000 00000000 00000000 00000000 00000010
055c3650 00000000 00000000 00000000 00000000 00000000 00000000 00000000 00000000 00000000 00000000 00000000 00000011
05feebe6 00000000 00000004 00000000 00000000 00000000 00000000 00000000 00000000 00000000 00000000 00000000 00000012
05a1cff7 00000000 00000005 00000000 00000000 00000000 00000000 00000000 00000000 00000000 00000000 00000000 00000013
05c2a506 00000000 00000007 00000000 00000000 00000000 00000000 00000000 00000000 00000000 00000000 00000000 00000014
06174151 00000000 00000003 00000000 00000000 00000000 00000000 00000000 00000000 00000000 00000000 00000000 00000015
063a5c60 00000000 0000000d 00000000 00000000 00000000 00000000 00000000 00000000 00000000 00000000 00000000 00000016
0434c71d 00000000 0000000b 00000000 00000000 00000000 00000000 00000000 00000000 00000000 00000000 00000000 00000017
061cc3b8 00000000 00000002 00000000 00000000 00000000 00000000 00000000 00000000 00000000 00000000 00000000 00000018
052be530 00000000 00000003 00000000 00000000 00000000 00000000 00000000 00000000 00000000 00000000 00000000 00000019
046c8cc3 00000000 00000003 00000000 00000000 00000000 00000000 00000000 00000000 00000000 00000000 00000000 0000001a
05ef272e 00000000 00000003 00000000 00000000 00000000 00000000 00000000 00000000 00000000 00000000 00000000 0000001b
05197723 00000000 00000005 00000000 00000000 00000000 00000000 00000000 00000000 00000000 00000000 00000000 0000001c
05195703 00000000 00000005 00000000 00000000 00000000 00000000 00000000 00000000 00000000 00000000 00000000 0000001d
05526d20 00000000 00000007 00000000 00000000 00000000 00000000 00000000 00000000 00000000 00000000 00000000 0000001e
04c7e53a 00000000 00000005 00000000 00000000 00000000 00000000 00000000 00000000 00000000 00000000 00000000 0000001f
