           CPU0       CPU1       CPU2       CPU3       CPU4       CPU5       CPU6       CPU7       CPU8       CPU9       CPU10      CPU11      CPU12      CPU13      CPU14      CPU15      CPU16      CPU17      CPU18      CPU19      CPU20      CPU21      CPU22      CPU23      CPU24      CPU25      CPU26      CPU27      CPU28      CPU29      CPU30      CPU31      
  4:          0          0        967          0          0          0          0          0          0          0          0          0          0          0          0         16          0          0          0          0          0          0          0          0          0          0          0          0          0          0          0          0   IO-APIC   4-edge      ttyS0
  8:          0          0          0          0          0          0          0          0          0          0          0          0          0          0          0          0          0          0          0          0          0          0          0          0          0          0          0          0          0          0          0          0   IO-APIC   8-edge      rtc0
  9:          0          0          0          0          0          0          0          0          0          0          0          0          0          0          0          0          0          0          0          0          0          0          0          0          0          0          0          0          0          0          0          0   IO-APIC   9-fasteoi   acpi
 24:          0          0          0       1516          0          0          0          0          0          0          0          0          0          0          0          0          0          0          0          0          0          0          0          0          0          0      32441          0          0          0          0          0  Hyper-V PCIe MSI 8598792994816-edge      mlx4-async@pci:fa42:00:02.0
 25:         31          0          0          0          1          0          0          0          0          0          0          0          0          0          0          0          0          0          0          0          0          0          0          0          0          0          0          0          0          0   33343673          0  Hyper-V PCIe MSI 8598792994817-edge      mlx4-1@fa42:00:02.0
 26:          0         37          0   32027106          0          1          0          0          0          0          0          0          0          0          0          0          0          0          0          0          0          0          0          0          0          0          0          0          0          0          0          0  Hyper-V PCIe MSI 8598792994818-edge      mlx4-2@fa42:00:02.0
 27:          0          0        200          0          0          0          1          0          0          0          0          0          0          0          0          0          0          0          0          0          0   32944031          0          0          0          0          0          0          0          0          0          0  Hyper-V PCIe MSI 8598792994819-edge      mlx4-3@fa42:00:02.0
 28:          0          0          0        286          0          0          0          1          0          0          0          0          0          0   32327355          0          0          0          0          0          0          0          0          0          0          0          0          0          0          0          0          0  Hyper-V PCIe MSI 8598792994820-edge      mlx4-4@fa42:00:02.0
 29:          0          0          0          0        109          0          0          0          1   32064081          0          0          0          0          0          0          0          0          0          0          0          0          0          0          0          0          0          0          0          0          0          0  Hyper-V PCIe MSI 8598792994821-edge      mlx4-5@fa42:00:02.0
 30:          0          0          0          0          0         49          0          0          0          1          0          0          0          0          0          0          0          0          0          0          0          0          0          0          0          0          0          0   30264090          0          0          0  Hyper-V PCIe MSI 8598792994822-edge      mlx4-6@fa42:00:02.0
 31:          0          0          0          0          0          0          7          0          0          0          1          0          0          0          0          0          0          0          0          0          0          0   32901604          0          0          0          0          0          0          0          0          0  Hyper-V PCIe MSI 8598792994823-edge      mlx4-7@fa42:00:02.0
 32:          0          0          0          0          0   32824390          0         25          0          0          0          1          0          0          0          0          0          0          0          0          0          0          0          0          0          0          0          0          0          0          0          0  Hyper-V PCIe MSI 8598792994824-edge      mlx4-8@fa42:00:02.0
 33:          0          0          0          0          0          0          0          0          6          0          0          0   33205843          0          0          0          0          0          0          0          0          0          0          0          0          0          0          0          0          0          0          0  Hyper-V PCIe MSI 8598792994825-edge      mlx4-9@fa42:00:02.0
 34:          0          0          0          0          0          0          0          0          0         40          0          0          0          1          0          0   32520562          0          0          0          0          0          0          0          0          0          0          0          0          0          0          0  Hyper-V PCIe MSI 8598792994826-edge      mlx4-10@fa42:00:02.0
 35:          0          0          0          0          0          0          0          0          0          0        109          0          0          0          1          0          0          0          0          0   35014581          0          0          0          0          0          0          0          0          0          0          0  Hyper-V PCIe MSI 8598792994827-edge      mlx4-11@fa42:00:02.0
 36:          0          0          0          0          0          0          0          0          0          0          0         48          0          0          0          1          0          0          0          0          0          0          0          0   33669664          0          0          0          0          0          0          0  Hyper-V PCIe MSI 8598792994828-edge      mlx4-12@fa42:00:02.0
 37:          0          0          0          0          0          0          0          0          0          0          0   29773210          6          0          0          0          1          0          0          0          0          0          0          0          0          0          0          0          0          0          0          0  Hyper-V PCIe MSI 8598792994829-edge      mlx4-13@fa42:00:02.0
 38:          0   35435399          0          0          0          0          0          0          0          0          0          0          0         22          0          0          0          1          0          0          0          0          0          0          0          0          0          0          0          0          0          0  Hyper-V PCIe MSI 8598792994830-edge      mlx4-14@fa42:00:02.0
 39:          0          0          0          0          0          0          0   31024994          0          0          0          0          0          0         13          0          0          0          1          0          0          0          0          0          0          0          0          0          0          0          0          0  Hyper-V PCIe MSI 8598792994831-edge      mlx4-15@fa42:00:02.0
 40:          0          0          0          0          0          0          0          0          0          0          0          0          0          0          0          2          0          0   35650570          1          0          0          0          0          0          0          0          0          0          0          0          0  Hyper-V PCIe MSI 8598792994832-edge      mlx4-16@fa42:00:02.0
NMI:          0          0          0          0          0          0          0          0          0          0          0          0          0          0          0          0          0          0          0          0          0          0          0          0          0          0          0          0          0          0          0          0   Non-maskable interrupts
LOC:          0          0          0          0          0          0          0          0          0          0          0          0          0          0          0          0          0          0          0          0          0          0          0          0          0          0          0          0          0          0          0          0   Local timer interrupts
SPU:          0          0          0          0          0          0          0          0          0          0          0          0          0          0          0          0          0          0          0          0          0          0          0          0          0          0          0          0          0          0          0          0   Spurious interrupts
PMI:          0          0          0          0          0          0          0          0          0          0          0          0          0          0          0          0          0          0          0          0          0          0          0          0          0          0          0          0          0          0          0          0   Performance monitoring interrupts
IWI:       1480        855       1377        873       1380       2347       1368        664       1379        772       1365       1020       1017        946       4913       1028       1173       1235       1214       1203       1601        900       1530       1179       1555       1259       1773       1322       1450       1173       1326       1180   IRQ work interrupts
RTR:          0          0          0          0          0          0          0          0          0          0          0          0          0          0          0          0          0          0          0          0          0          0          0          0          0          0          0          0          0          0          0          0   APIC ICR read retries
RES:      22098      10141      29858      15583      36277      10630      39112      12785      34594      13489      34874      11733      15267      32262      13493      33000      13244      28671      13323      32589      16545      13106      13899      28029      12217      28093      25777      19088      11302      27751      13553      26987   Rescheduling interrupts
CAL:    3079083    1762879    3027875    1636919    3017012    1802749    2962336    1625845    2983024    1594390    2963899    1681852    1950445    2629240    2109346    2643789    2173146    2633236    1964280    2636451    1873120    1629377    1857997    2581782    2122324    2629525    3243368    2769634    1965608    2603911    2033987    2621737   Function call interrupts
TLB:          0          0          0          0          0          0          0          0          0          0          0          0          0          0          0          0          0          0          0          0          0          0          0          0          0          0          0          0          0          0          0          0   TLB shootdowns
TRM:          0          0          0          0          0          0          0          0          0          0          0          0          0          0          0          0          0          0          0          0          0          0          0          0          0          0          0          0          0          0          0          0   Thermal event interrupts
THR:          0          0          0          0          0          0          0          0          0          0          0          0          0          0          0          0          0          0          0          0          0          0          0          0          0          0          0          0          0          0          0          0   Threshold APIC interrupts
DFR:          0          0          0          0          0          0          0          0          0          0          0          0          0          0          0          0          0          0          0          0          0          0          0          0          0          0          0          0          0          0          0          0   Deferred Error APIC interrupts
MCE:          0          0          0          0          0          0          0          0          0          0          0          0          0          0          0          0          0          0          0          0          0          0          0          0          0          0          0          0          0          0          0          0   Machine check exceptions
MCP:          9          9          9          9          9          9          9          9          9          9          9          9          9          9          9          9          9          9          9          9          9          9          9          9          9          9          9          9          9          9          9          9   Machine check polls
HYP:      14516      21829          5      15954      21921          0      17511      12782          0      18190          0      14456      23044          0          4         17         11       1119       1379       1340       1713       1150       1095       1852       1128       1203       1284       1175       1625       1171       1165       1227   Hypervisor callback interrupts
HRE:          0          0          0          0          0          0          0          0          0          0          0          0          0          0          0          0          0          0          0          0          0          0          0          0          0          0          0          0          0          0          0          0   Hyper-V reenlightenment interrupts
HVS:     976748     682782     957116     702411     973754     677497     944883     664767     964442     702282     939383     711376     824586     825407     804152     856805     797608     847179     796950     849567     829924     787931     757845     818660     791348     862376     909022     732279     780166     819882     802533     793218   Hyper-V stimer0 interrupts
ERR:          0
MIS:          0
PIN:          0          0          0          0          0          0          0          0          0          0          0          0          0          0          0          0          0          0          0          0          0          0          0          0          0          0          0          0          0          0          0          0   Posted-interrupt notification event
NPI:          0          0          0          0          0          0          0          0          0          0          0          0          0          0          0          0          0          0          0          0          0          0          0          0          0          0          0          0          0          0          0          0   Nested posted-interrupt event
PIW:          0          0          0          0          0          0          0          0          0          0          0          0          0          0          0          0          0          0          0          0          0          0          0          0          0          0          0          0          0          0          0          0   Posted-interrupt wakeup event
