0177af73 00000000 000000a6 00000000 00000000 00000000 00000000 00000000 00000000 00000000 00000000 00000000 00000000
065c1e1c 00000000 00000424 00000000 00000000 00000000 00000000 00000000 00000000 00000000 00000000 00000000 00000001
0176bd67 00000000 000000aa 00000000 00000000 00000000 00000000 00000000 00000000 00000000 00000000 00000000 00000002
06f660c9 00000000 0000029c 00000000 00000000 00000000 00000000 00000000 00000000 00000000 00000000 00000000 00000003
01780dcd 00000000 000000b9 00000000 00000000 00000000 00000000 00000000 00000000 00000000 00000000 00000000 00000004
061665a3 00000000 000003df 00000000 00000000 00000000 00000000 00000000 00000000 00000000 00000000 00000000 00000005
0176c75e 00000000 000000a7 00000000 00000000 00000000 00000000 00000000 00000000 00000000 00000000 00000000 00000006
0724acbc 00000000 000003ef 00000000 00000000 00000000 00000000 00000000 00000000 00000000 00000000 00000000 00000007
0175bf15 00000000 00000098 00000000 00000000 00000000 00000000 00000000 00000000 00000000 00000000 00000000 00000008
06eac65a 00000000 00000368 00000000 00000000 00000000 00000000 00000000 00000000 00000000 00000000 00000000 00000009
01776cbc 00000000 000000b6 00000000 00000000 00000000 00000000 00000000 00000000 00000000 00000000 00000000 0000000a
0689013d 00000000 00000331 00000000 00000000 00000000 00000000 00000000 00000000 00000000 00000000 00000000 0000000b
0702ac33 00000000 00000359 00000000 00000000 00000000 00000000 00000000 00000000 00000000 00000000 00000000 0000000c
017059a9 00000000 0000009c 00000000 00000000 00000000 00000000 00000000 00000000 00000000 00000000 00000000 0000000d
0605ccf0 00000000 000003c7 00000000 00000000 00000000 00000000 00000000 00000000 00000000 00000000 00000000 0000000e
016bc4d0 00000000 0000009a 00000000 00000000 00000000 00000000 00000000 00000000 00000000 00000000 00000000 0000000f
05dd5a8d 00000000 0000031c 00000000 00000000 00000000 00000000 00000000 00000000 00000000 00000000 00000000 00000010
016a9695 00000000 000000ad 00000000 00000000 00000000 00000000 00000000 00000000 00000000 00000000 00000000 00000011
06ac4662 00000000 0000036b 00000000 00000000 00000000 00000000 00000000 00000000 00000000 00000000 00000000 00000012
016a06d5 00000000 00000099 00000000 00000000 00000000 00000000 00000000 00000000 00000000 00000000 00000000 00000013
0604c57d 00000000 00000360 00000000 00000000 00000000 00000000 00000000 00000000 00000000 00000000 00000000 00000014
057179f3 00000000 00000315 00000000 00000000 00000000 00000000 00000000 00000000 00000000 00000000 00000000 00000015
075435ec 00000000 00000437 00000000 00000000 00000000 00000000 00000000 00000000 00000000 00000000 00000000 00000016
0169f4ff 00000000 000000bd 00000000 00000000 00000000 00000000 00000000 00000000 00000000 00000000 00000000 00000017
06233faa 00000000 0000038b 00000000 00000000 00000000 00000000 00000000 00000000 00000000 00000000 00000000 00000018
016f369a 00000000 0000009f 00000000 00000000 00000000 00000000 00000000 00000000 00000000 00000000 00000000 00000019
0196c20c 00000000 000000d2 00000000 00000000 00000000 00000000 00000000 00000000 00000000 00000000 00000000 0000001a
018d63b0 00000000 000000c6 00000000 00000000 00000000 00000000 00000000 00000000 00000000 00000000 00000000 0000001b
06c10dde 00000000 0000038a 00000000 00000000 00000000 00000000 00000000 00000000 00000000 00000000 00000000 0000001c
01695419 00000000 0000009e 00000000 00000000 00000000 00000000 00000000 00000000 00000000 00000000 00000000 0000001d
063eb45d 00000000 000002f7 00000000 00000000 00000000 00000000 00000000 00000000 00000000 00000000 00000000 0000001e
016b07bb 00000000 000000ae 00000000 00000000 00000000 00000000 00000000 00000000 00000000 00000000 00000000 0000001f
