017a8cb7 00000000 000000a6 00000000 00000000 00000000 00000000 00000000 00000000 00000000 00000000 00000000 00000000
06750054 00000000 00000424 00000000 00000000 00000000 00000000 00000000 00000000 00000000 00000000 00000000 00000001
01799ad0 00000000 000000aa 00000000 00000000 00000000 00000000 00000000 00000000 00000000 00000000 00000000 00000002
0703c0a3 00000000 0000029c 00000000 00000000 00000000 00000000 00000000 00000000 00000000 00000000 00000000 00000003
017b1371 00000000 000000b9 00000000 00000000 00000000 00000000 00000000 00000000 00000000 00000000 00000000 00000004
0624e2e1 00000000 000003df 00000000 00000000 00000000 00000000 00000000 00000000 00000000 00000000 00000000 00000005
0179be0d 00000000 000000a7 00000000 00000000 00000000 00000000 00000000 00000000 00000000 00000000 00000000 00000006
072718f5 00000000 000003ef 00000000 00000000 00000000 00000000 00000000 00000000 00000000 00000000 00000000 00000007
0178eec7 00000000 00000098 00000000 00000000 00000000 00000000 00000000 00000000 00000000 00000000 00000000 00000008
06f7c6ad 00000000 00000368 00000000 00000000 00000000 00000000 00000000 00000000 00000000 00000000 00000000 00000009
017ab1e8 00000000 000000b6 00000000 00000000 00000000 00000000 00000000 00000000 00000000 00000000 00000000 0000000a
0695e7c3 00000000 00000331 00000000 00000000 00000000 00000000 00000000 00000000 00000000 00000000 00000000 0000000b
0705c1b8 00000000 00000359 00000000 00000000 00000000 00000000 00000000 00000000 00000000 00000000 00000000 0000000c
01727256 00000000 0000009c 00000000 00000000 00000000 00000000 00000000 00000000 00000000 00000000 00000000 0000000d
0620c3da 00000000 000003c7 00000000 00000000 00000000 00000000 00000000 00000000 00000000 00000000 00000000 0000000e
016e14c2 00000000 0000009a 00000000 00000000 00000000 00000000 00000000 00000000 00000000 00000000 00000000 0000000f
05e0e136 00000000 0000031c 00000000 00000000 00000000 00000000 00000000 00000000 00000000 00000000 00000000 00000010
016cce16 00000000 000000ad 00000000 00000000 00000000 00000000 00000000 00000000 00000000 00000000 00000000 00000011
06b06aa7 00000000 0000036b 00000000 00000000 00000000 00000000 00000000 00000000 00000000 00000000 00000000 00000012
016c183c 00000000 00000099 00000000 00000000 00000000 00000000 00000000 00000000 00000000 00000000 00000000 00000013
06126d38 00000000 00000360 00000000 00000000 00000000 00000000 00000000 00000000 00000000 00000000 00000000 00000014
05744ab5 00000000 00000315 00000000 00000000 00000000 00000000 00000000 00000000 00000000 00000000 00000000 00000015
07625514 00000000 00000437 00000000 00000000 00000000 00000000 00000000 00000000 00000000 00000000 00000000 00000016
016c081f 00000000 000000bd 00000000 00000000 00000000 00000000 00000000 00000000 00000000 00000000 00000000 00000017
0649ccc8 00000000 0000038b 00000000 00000000 00000000 00000000 00000000 00000000 00000000 00000000 00000000 00000018
017137bb 00000000 0000009f 00000000 00000000 00000000 00000000 00000000 00000000 00000000 00000000 00000000 00000019
0199d30f 00000000 000000d2 00000000 00000000 00000000 00000000 00000000 00000000 00000000 00000000 00000000 0000001a
018f492f 00000000 000000c6 00000000 00000000 00000000 00000000 00000000 00000000 00000000 00000000 00000000 0000001b
06db0758 00000000 0000038a 00000000 00000000 00000000 00000000 00000000 00000000 00000000 00000000 00000000 0000001c
016b52d3 00000000 0000009e 00000000 00000000 00000000 00000000 00000000 00000000 00000000 00000000 00000000 0000001d
064cac01 00000000 000002f7 00000000 00000000 00000000 00000000 00000000 00000000 00000000 00000000 00000000 0000001e
016d1b24 00000000 000000ae 00000000 00000000 00000000 00000000 00000000 00000000 00000000 00000000 00000000 0000001f
