           CPU0       CPU1       CPU2       CPU3       CPU4       CPU5       CPU6       CPU7       CPU8       CPU9       CPU10      CPU11      CPU12      CPU13      CPU14      CPU15      CPU16      CPU17      CPU18      CPU19      CPU20      CPU21      CPU22      CPU23      CPU24      CPU25      CPU26      CPU27      CPU28      CPU29      CPU30      CPU31      
  4:          0          0        967          0          0          0          0          0          0          0          0          0          0          0          0         16          0          0          0          0          0          0          0          0          0          0          0          0          0          0          0          0   IO-APIC   4-edge      ttyS0
  8:          0          0          0          0          0          0          0          0          0          0          0          0          0          0          0          0          0          0          0          0          0          0          0          0          0          0          0          0          0          0          0          0   IO-APIC   8-edge      rtc0
  9:          0          0          0          0          0          0          0          0          0          0          0          0          0          0          0          0          0          0          0          0          0          0          0          0          0          0          0          0          0          0          0          0   IO-APIC   9-fasteoi   acpi
 24:          0          0          0       1516          0          0          0          0          0          0          0          0          0          0          0          0          0          0          0          0          0          0          0          0          0          0      16155          0          0          0          0          0  Hyper-V PCIe MSI 8598792994816-edge      mlx4-async@pci:fa42:00:02.0
 25:         31          0          0          0          1          0          0          0          0          0          0          0          0          0          0          0          0          0          0          0          0          0          0          0          0          0          0          0          0          0   12116088          0  Hyper-V PCIe MSI 8598792994817-edge      mlx4-1@fa42:00:02.0
 26:          0         37          0   11709795          0          1          0          0          0          0          0          0          0          0          0          0          0          0          0          0          0          0          0          0          0          0          0          0          0          0          0          0  Hyper-V PCIe MSI 8598792994818-edge      mlx4-2@fa42:00:02.0
 27:          0          0        200          0          0          0          1          0          0          0          0          0          0          0          0          0          0          0          0          0          0   12009861          0          0          0          0          0          0          0          0          0          0  Hyper-V PCIe MSI 8598792994819-edge      mlx4-3@fa42:00:02.0
 28:          0          0          0        286          0          0          0          1          0          0          0          0          0          0   11966144          0          0          0          0          0          0          0          0          0          0          0          0          0          0          0          0          0  Hyper-V PCIe MSI 8598792994820-edge      mlx4-4@fa42:00:02.0
 29:          0          0          0          0        109          0          0          0          1   11842957          0          0          0          0          0          0          0          0          0          0          0          0          0          0          0          0          0          0          0          0          0          0  Hyper-V PCIe MSI 8598792994821-edge      mlx4-5@fa42:00:02.0
 30:          0          0          0          0          0         49          0          0          0          1          0          0          0          0          0          0          0          0          0          0          0          0          0          0          0          0          0          0   10566434          0          0          0  Hyper-V PCIe MSI 8598792994822-edge      mlx4-6@fa42:00:02.0
 31:          0          0          0          0          0          0          7          0          0          0          1          0          0          0          0          0          0          0          0          0          0          0   11946497          0          0          0          0          0          0          0          0          0  Hyper-V PCIe MSI 8598792994823-edge      mlx4-7@fa42:00:02.0
 32:          0          0          0          0          0   11593762          0         25          0          0          0          1          0          0          0          0          0          0          0          0          0          0          0          0          0          0          0          0          0          0          0          0  Hyper-V PCIe MSI 8598792994824-edge      mlx4-8@fa42:00:02.0
 33:          0          0          0          0          0          0          0          0          6          0          0          0   11938049          0          0          0          0          0          0          0          0          0          0          0          0          0          0          0          0          0          0          0  Hyper-V PCIe MSI 8598792994825-edge      mlx4-9@fa42:00:02.0
 34:          0          0          0          0          0          0          0          0          0         40          0          0          0          1          0          0   11796742          0          0          0          0          0          0          0          0          0          0          0          0          0          0          0  Hyper-V PCIe MSI 8598792994826-edge      mlx4-10@fa42:00:02.0
 35:          0          0          0          0          0          0          0          0          0          0        109          0          0          0          1          0          0          0          0          0   13188756          0          0          0          0          0          0          0          0          0          0          0  Hyper-V PCIe MSI 8598792994827-edge      mlx4-11@fa42:00:02.0
 36:          0          0          0          0          0          0          0          0          0          0          0         48          0          0          0          1          0          0          0          0          0          0          0          0   12052085          0          0          0          0          0          0          0  Hyper-V PCIe MSI 8598792994828-edge      mlx4-12@fa42:00:02.0
 37:          0          0          0          0          0          0          0          0          0          0          0   10714924          6          0          0          0          1          0          0          0          0          0          0          0          0          0          0          0          0          0          0          0  Hyper-V PCIe MSI 8598792994829-edge      mlx4-13@fa42:00:02.0
 38:          0   12976657          0          0          0          0          0          0          0          0          0          0          0         22          0          0          0          1          0          0          0          0          0          0          0          0          0          0          0          0          0          0  Hyper-V PCIe MSI 8598792994830-edge      mlx4-14@fa42:00:02.0
 39:          0          0          0          0          0          0          0   10744929          0          0          0          0          0          0         13          0          0          0          1          0          0          0          0          0          0          0          0          0          0          0          0          0  Hyper-V PCIe MSI 8598792994831-edge      mlx4-15@fa42:00:02.0
 40:          0          0          0          0          0          0          0          0          0          0          0          0          0          0          0          2          0          0   12981608          1          0          0          0          0          0          0          0          0          0          0          0          0  Hyper-V PCIe MSI 8598792994832-edge      mlx4-16@fa42:00:02.0
NMI:          0          0          0          0          0          0          0          0          0          0          0          0          0          0          0          0          0          0          0          0          0          0          0          0          0          0          0          0          0          0          0          0   Non-maskable interrupts
LOC:          0          0          0          0          0          0          0          0          0          0          0          0          0          0          0          0          0          0          0          0          0          0          0          0          0          0          0          0          0          0          0          0   Local timer interrupts
SPU:          0          0          0          0          0          0          0          0          0          0          0          0          0          0          0          0          0          0          0          0          0          0          0          0          0          0          0          0          0          0          0          0   Spurious interrupts
PMI:          0          0          0          0          0          0          0          0          0          0          0          0          0          0          0          0          0          0          0          0          0          0          0          0          0          0          0          0          0          0          0          0   Performance monitoring interrupts
IWI:        521        364        484        412        508       1427        515        282        490        309        500        435        421        394       3358        398        432        465        477        513        631        351        751        485        755        603        695        509        502        512        561        474   IRQ work interrupts
RTR:          0          0          0          0          0          0          0          0          0          0          0          0          0          0          0          0          0          0          0          0          0          0          0          0          0          0          0          0          0          0          0          0   APIC ICR read retries
RES:      12076       5403      14686       7342      17452       5486      18684       7218      17198       6057      14562       6092       8310      13792       7158      14815       7585      12620       7386      14547       8003       6552       6409      13390       7007      12840      12567       9690       6705      12973       7282      12889   Rescheduling interrupts
CAL:     951830     527428     942074     611980     942940     581642     923196     535804     922542     546445     925795     566305     609826     832296     547366     840417     657356     830202     624157     843068     567940     536973     564231     816073     640852     830803    1021725     889054     570328     822659     588238     833411   Function call interrupts
TLB:          0          0          0          0          0          0          0          0          0          0          0          0          0          0          0          0          0          0          0          0          0          0          0          0          0          0          0          0          0          0          0          0   TLB shootdowns
TRM:          0          0          0          0          0          0          0          0          0          0          0          0          0          0          0          0          0          0          0          0          0          0          0          0          0          0          0          0          0          0          0          0   Thermal event interrupts
THR:          0          0          0          0          0          0          0          0          0          0          0          0          0          0          0          0          0          0          0          0          0          0          0          0          0          0          0          0          0          0          0          0   Threshold APIC interrupts
DFR:          0          0          0          0          0          0          0          0          0          0          0          0          0          0          0          0          0          0          0          0          0          0          0          0          0          0          0          0          0          0          0          0   Deferred Error APIC interrupts
MCE:          0          0          0          0          0          0          0          0          0          0          0          0          0          0          0          0          0          0          0          0          0          0          0          0          0          0          0          0          0          0          0          0   Machine check exceptions
MCP:          5          5          5          5          5          5          5          5          5          5          5          5          5          5          5          5          5          5          5          5          5          5          5          5          5          5          5          5          5          5          5          5   Machine check polls
HYP:       7636      15292          5      11920      12691          0      12249       9422          0      14310          0      10202      19651          0          4         17         11        624        817        858       1125        603        571       1312        592        713        748        653       1120        672        611        654   Hypervisor callback interrupts
HRE:          0          0          0          0          0          0          0          0          0          0          0          0          0          0          0          0          0          0          0          0          0          0          0          0          0          0          0          0          0          0          0          0   Hyper-V reenlightenment interrupts
HVS:     582693     403511     546566     404563     577314     386095     562890     377517     567643     384134     540449     411715     453063     537590     422269     556629     429794     539869     418750     543815     483666     484686     393356     541099     420809     555367     485546     427763     415287     516559     437795     515672   Hyper-V stimer0 interrupts
ERR:          0
MIS:          0
PIN:          0          0          0          0          0          0          0          0          0          0          0          0          0          0          0          0          0          0          0          0          0          0          0          0          0          0          0          0          0          0          0          0   Posted-interrupt notification event
NPI:          0          0          0          0          0          0          0          0          0          0          0          0          0          0          0          0          0          0          0          0          0          0          0          0          0          0          0          0          0          0          0          0   Nested posted-interrupt event
PIW:          0          0          0          0          0          0          0          0          0          0          0          0          0          0          0          0          0          0          0          0          0          0          0          0          0          0          0          0          0          0          0          0   Posted-interrupt wakeup event
