0082936e 00000000 0000008b 00000000 00000000 00000000 00000000 00000000 00000000 00000000 00000000 00000000 00000000
02513343 00000000 0000039e 00000000 00000000 00000000 00000000 00000000 00000000 00000000 00000000 00000000 00000001
0082ecbb 00000000 0000008f 00000000 00000000 00000000 00000000 00000000 00000000 00000000 00000000 00000000 00000002
01b998cc 00000000 0000022b 00000000 00000000 00000000 00000000 00000000 00000000 00000000 00000000 00000000 00000003
0083cdad 00000000 000000a3 00000000 00000000 00000000 00000000 00000000 00000000 00000000 00000000 00000000 00000004
01fd9869 00000000 0000034f 00000000 00000000 00000000 00000000 00000000 00000000 00000000 00000000 00000000 00000005
0082d966 00000000 0000008b 00000000 00000000 00000000 00000000 00000000 00000000 00000000 00000000 00000000 00000006
02351c35 00000000 00000369 00000000 00000000 00000000 00000000 00000000 00000000 00000000 00000000 00000000 00000007
00829e06 00000000 00000088 00000000 00000000 00000000 00000000 00000000 00000000 00000000 00000000 00000000 00000008
021aad8d 00000000 0000030b 00000000 00000000 00000000 00000000 00000000 00000000 00000000 00000000 00000000 00000009
00833342 00000000 0000009c 00000000 00000000 00000000 00000000 00000000 00000000 00000000 00000000 00000000 0000000a
01ee99d6 00000000 000002a1 00000000 00000000 00000000 00000000 00000000 00000000 00000000 00000000 00000000 0000000b
020a8bee 00000000 000002d2 00000000 00000000 00000000 00000000 00000000 00000000 00000000 00000000 00000000 0000000c
008198b4 00000000 00000084 00000000 00000000 00000000 00000000 00000000 00000000 00000000 00000000 00000000 0000000d
025c6fa8 00000000 0000034e 00000000 00000000 00000000 00000000 00000000 00000000 00000000 00000000 00000000 0000000e
007fd1d9 00000000 00000086 00000000 00000000 00000000 00000000 00000000 00000000 00000000 00000000 00000000 0000000f
01e670c7 00000000 000002b0 00000000 00000000 00000000 00000000 00000000 00000000 00000000 00000000 00000000 00000010
0080ce40 00000000 00000092 00000000 00000000 00000000 00000000 00000000 00000000 00000000 00000000 00000000 00000011
01f3b9ac 00000000 000002f4 00000000 00000000 00000000 00000000 00000000 00000000 00000000 00000000 00000000 00000012
007ef3f4 00000000 00000085 00000000 00000000 00000000 00000000 00000000 00000000 00000000 00000000 00000000 00000013
01cb4e1b 00000000 000002c3 00000000 00000000 00000000 00000000 00000000 00000000 00000000 00000000 00000000 00000014
01cebf0b 00000000 00000299 00000000 00000000 00000000 00000000 00000000 00000000 00000000 00000000 00000000 00000015
024b7238 00000000 000003d9 00000000 00000000 00000000 00000000 00000000 00000000 00000000 00000000 00000000 00000016
007e2c52 00000000 000000a0 00000000 00000000 00000000 00000000 00000000 00000000 00000000 00000000 00000000 00000017
020a9665 00000000 0000032e 00000000 00000000 00000000 00000000 00000000 00000000 00000000 00000000 00000000 00000018
0081f22b 00000000 00000089 00000000 00000000 00000000 00000000 00000000 00000000 00000000 00000000 00000000 00000019
008f296e 00000000 000000aa 00000000 00000000 00000000 00000000 00000000 00000000 00000000 00000000 00000000 0000001a
008bcc3b 00000000 000000a8 00000000 00000000 00000000 00000000 00000000 00000000 00000000 00000000 00000000 0000001b
022b4aaf 00000000 000002f9 00000000 00000000 00000000 00000000 00000000 00000000 00000000 00000000 00000000 0000001c
007fa00a 00000000 00000088 00000000 00000000 00000000 00000000 00000000 00000000 00000000 00000000 00000000 0000001d
0202672b 00000000 0000029b 00000000 00000000 00000000 00000000 00000000 00000000 00000000 00000000 00000000 0000001e
008093d3 00000000 0000009a 00000000 00000000 00000000 00000000 00000000 00000000 00000000 00000000 00000000 0000001f
