00aaeb58 00000000 00000093 00000000 00000000 00000000 00000000 00000000 00000000 00000000 00000000 00000000 00000000
0472d1aa 00000000 000003df 00000000 00000000 00000000 00000000 00000000 00000000 00000000 00000000 00000000 00000001
00ac4bd6 00000000 00000098 00000000 00000000 00000000 00000000 00000000 00000000 00000000 00000000 00000000 00000002
04f6299c 00000000 00000261 00000000 00000000 00000000 00000000 00000000 00000000 00000000 00000000 00000001 00000003
00ac8ce8 00000000 000000aa 00000000 00000000 00000000 00000000 00000000 00000000 00000000 00000000 00000000 00000004
0438153b 00000000 00000395 00000000 00000000 00000000 00000000 00000000 00000000 00000000 00000000 00000000 00000005
00abb291 00000000 00000092 00000000 00000000 00000000 00000000 00000000 00000000 00000000 00000000 00000000 00000006
0518db5b 00000000 000003aa 00000000 00000000 00000000 00000000 00000000 00000000 00000000 00000000 00000002 00000007
00ab8908 00000000 0000008e 00000000 00000000 00000000 00000000 00000000 00000000 00000000 00000000 00000000 00000008
053b5710 00000000 0000033b 00000000 00000000 00000000 00000000 00000000 00000000 00000000 00000000 00000000 00000009
00abc8a8 00000000 000000a9 00000000 00000000 00000000 00000000 00000000 00000000 00000000 00000000 00000000 0000000a
04b744ef 00000000 000002f1 00000000 00000000 00000000 00000000 00000000 00000000 00000000 00000000 00000000 0000000b
05227edc 00000000 00000310 00000000 00000000 00000000 00000000 00000000 00000000 00000000 00000000 00000001 0000000c
00a6a976 00000000 00000092 00000000 00000000 00000000 00000000 00000000 00000000 00000000 00000000 00000000 0000000d
0445b0b7 00000000 0000038c 00000000 00000000 00000000 00000000 00000000 00000000 00000000 00000000 00000000 0000000e
00a49540 00000000 0000008e 00000000 00000000 00000000 00000000 00000000 00000000 00000000 00000000 00000000 0000000f
04088808 00000000 000002e3 00000000 00000000 00000000 00000000 00000000 00000000 00000000 00000000 00000001 00000010
00a56fac 00000000 00000098 00000000 00000000 00000000 00000000 00000000 00000000 00000000 00000000 00000000 00000011
04b61a11 00000000 0000032e 00000000 00000000 00000000 00000000 00000000 00000000 00000000 00000000 00000001 00000012
00a41efa 00000000 0000008c 00000000 00000000 00000000 00000000 00000000 00000000 00000000 00000000 00000000 00000013
0421a00b 00000000 00000309 00000000 00000000 00000000 00000000 00000000 00000000 00000000 00000000 00000000 00000014
0398322e 00000000 000002d9 00000000 00000000 00000000 00000000 00000000 00000000 00000000 00000000 00000000 00000015
05a5b261 00000000 00000413 00000000 00000000 00000000 00000000 00000000 00000000 00000000 00000000 00000000 00000016
00a2e661 00000000 000000a9 00000000 00000000 00000000 00000000 00000000 00000000 00000000 00000000 00000000 00000017
04524278 00000000 00000361 00000000 00000000 00000000 00000000 00000000 00000000 00000000 00000000 00000001 00000018
00a6aafc 00000000 00000092 00000000 00000000 00000000 00000000 00000000 00000000 00000000 00000000 00000000 00000019
00bde090 00000000 000000b2 00000000 00000000 00000000 00000000 00000000 00000000 00000000 00000000 00000000 0000001a
00b365b6 00000000 000000ab 00000000 00000000 00000000 00000000 00000000 00000000 00000000 00000000 00000000 0000001b
04a78b2d 00000000 00000342 00000000 00000000 00000000 00000000 00000000 00000000 00000000 00000000 00000000 0000001c
00a3dffb 00000000 0000008c 00000000 00000000 00000000 00000000 00000000 00000000 00000000 00000000 00000000 0000001d
049a34cd 00000000 000002cb 00000000 00000000 00000000 00000000 00000000 00000000 00000000 00000000 0000000e 0000001e
00a543f0 00000000 000000a1 00000000 00000000 00000000 00000000 00000000 00000000 00000000 00000000 00000000 0000001f
