           CPU0       CPU1       CPU2       CPU3       CPU4       CPU5       CPU6       CPU7       CPU8       CPU9       CPU10      CPU11      CPU12      CPU13      CPU14      CPU15      CPU16      CPU17      CPU18      CPU19      CPU20      CPU21      CPU22      CPU23      CPU24      CPU25      CPU26      CPU27      CPU28      CPU29      CPU30      CPU31      
  4:          0          0        972          0          0          0          0          0          0          0          0          0          0          0          0          0          0          0          0          0          0          0          0          0          0          0          0          0          0          0          0         79   IO-APIC   4-edge      ttyS0
  8:          0          0          0          0          0          0          0          0          0          0          0          0          0          0          0          0          0          0          0          0          0          0          0          0          0          0          0          0          0          0          0          0   IO-APIC   8-edge      rtc0
  9:          0          0          0          0          0          0          0          0          0          0          0          0          0          0          0          0          0          0          0          0          0          0          0          0          0          0          0          0          0          0          0          0   IO-APIC   9-fasteoi   acpi
 24:          0    3408504          0       1143          0          0          0          0          0          0          0          0          0          0          0          0          0          0          0          0          0          0          0          0          0          0          0          0          0          0          0          0  Hyper-V PCIe MSI 3718099533824-edge      mlx5_async0@pci:6c36:00:02.0
 25:   11855180          0          0          0          1          0          0          0          0          0          0          0          0          0          0          0          0          0          0          0          0          0          0          0          0          0          0          0          0          0          0          0  Hyper-V PCIe MSI 3718099533825-edge      mlx5_comp0@pci:6c36:00:02.0
 26:          0         23          0          0          0          1          0          0          0          0          0          0          0          0          0          0          0          0          0          0   11351786          0          0          0          0          0          0          0          0          0          0          0  Hyper-V PCIe MSI 3718099533826-edge      mlx5_comp1@pci:6c36:00:02.0
 27:          0          0         56          0          0          0          1          0          0          0          0          0          0          0          0          0          0          0          0          0          0   11390538          0          0          0          0          0          0          0          0          0          0  Hyper-V PCIe MSI 3718099533827-edge      mlx5_comp2@pci:6c36:00:02.0
 28:          0          0          0         34          0          0   10948679          1          0          0          0          0          0          0          0          0          0          0          0          0          0          0          0          0          0          0          0          0          0          0          0          0  Hyper-V PCIe MSI 3718099533828-edge      mlx5_comp3@pci:6c36:00:02.0
 29:          0          0          0          0         15          0          0   11986537          1          0          0          0          0          0          0          0          0          0          0          0          0          0          0          0          0          0          0          0          0          0          0          0  Hyper-V PCIe MSI 3718099533829-edge      mlx5_comp4@pci:6c36:00:02.0
 30:          0          0          0          0          0   11469737          0          0          0          1          0          0          0          0          0          0          0          0          0          0          0          0          0          0          0          0          0          0          0          0          0          0  Hyper-V PCIe MSI 3718099533830-edge      mlx5_comp5@pci:6c36:00:02.0
 31:          0          0          0          0   11974468          0          5          0          0          0          1          0          0          0          0          0          0          0          0          0          0          0          0          0          0          0          0          0          0          0          0          0  Hyper-V PCIe MSI 3718099533831-edge      mlx5_comp6@pci:6c36:00:02.0
 32:          0          0          0   11877812          0          0          0          2          0          0          0          1          0          0          0          0          0          0          0          0          0          0          0          0          0          0          0          0          0          0          0          0  Hyper-V PCIe MSI 3718099533832-edge      mlx5_comp7@pci:6c36:00:02.0
 33:          0          0   11927844          0          0          0          0          0         74          0          0          0          1          0          0          0          0          0          0          0          0          0          0          0          0          0          0          0          0          0          0          0  Hyper-V PCIe MSI 3718099533833-edge      mlx5_comp8@pci:6c36:00:02.0
 34:          0          0          0          0          0          0          0          0          0          5          0          0          0          1          0          0          0          0          0          0          0          0   11029321          0          0          0          0          0          0          0          0          0  Hyper-V PCIe MSI 3718099533834-edge      mlx5_comp9@pci:6c36:00:02.0
 35:          0          0          0          0          0          0          0          0          0          0         19          0          0          0          1          0          0          0          0          0          0          0          0   12608045          0          0          0          0          0          0          0          0  Hyper-V PCIe MSI 3718099533835-edge      mlx5_comp10@pci:6c36:00:02.0
 36:          0          0          0          0          0          0          0          0          0          0   10436752        592          0          0          0          1          0          0          0          0          0          0          0          0          0          0          0          0          0          0          0          0  Hyper-V PCIe MSI 3718099533836-edge      mlx5_comp11@pci:6c36:00:02.0
 37:          0          0          0          0          0          0          0          0          0          0          0   11474467          3          0          0          0          1          0          0          0          0          0          0          0          0          0          0          0          0          0          0          0  Hyper-V PCIe MSI 3718099533837-edge      mlx5_comp12@pci:6c36:00:02.0
 38:          0          0          0          0          0          0          0          0          0          0          0          0          0          2          0          0          0          1          0          0          0          0          0          0          0          0          0          0          0   10355391          0          0  Hyper-V PCIe MSI 3718099533838-edge      mlx5_comp13@pci:6c36:00:02.0
 39:          0          0          0          0          0          0          0          0          0          0          0          0          0          0          5          0          0          0          1          0          0          0          0          0          0          0          0          0   10103632          0          0          0  Hyper-V PCIe MSI 3718099533839-edge      mlx5_comp14@pci:6c36:00:02.0
 40:          0          0          0          0          0          0          0          0          0          0          0          0          0          0          0          5          0          0          0          1          0          0          0          0          0          0   10356699          0          0          0          0          0  Hyper-V PCIe MSI 3718099533840-edge      mlx5_comp15@pci:6c36:00:02.0
 41:          0          0          0          0          0          0          0          0          0          0          0          0          0          0          0          0          2          0          0          0          1          0          0          0          0          0          0   11313933          0          0          0          0  Hyper-V PCIe MSI 3718099533841-edge      mlx5_comp16@pci:6c36:00:02.0
 42:          0          0          0          0          0          0          0          0          0          0          0          0          0          0          0          0          0         49          0          0          0          1          0          0   10685789          0          0          0          0          0          0          0  Hyper-V PCIe MSI 3718099533842-edge      mlx5_comp17@pci:6c36:00:02.0
 43:          0          0          0          0          0          0          0          0          0          0          0          0          0          0          0          0          0          0          7          0          0          0          1          0          0   11715472          0          0          0          0          0          0  Hyper-V PCIe MSI 3718099533843-edge      mlx5_comp18@pci:6c36:00:02.0
 44:          0          0          0          0          0          0          0          0          0          0          0          0   10948475          0          0          0          0          0          0         64          0          0          0          1          0          0          0          0          0          0          0          0  Hyper-V PCIe MSI 3718099533844-edge      mlx5_comp19@pci:6c36:00:02.0
 45:          0          0          0          0          0          0          0          0          0          0          0          0          0   10934659          0          0          0          0          0          0         66          0          0          0          1          0          0          0          0          0          0          0  Hyper-V PCIe MSI 3718099533845-edge      mlx5_comp20@pci:6c36:00:02.0
 46:          0          0          0          0          0          0          0          0   10046009          0          0          0          0          0          0          0          0          0          0          0          0         14          0          0          0          1          0          0          0          0          0          0  Hyper-V PCIe MSI 3718099533846-edge      mlx5_comp21@pci:6c36:00:02.0
 47:          0          0          0          0          0          0          0          0          0   11357645          0          0          0          0          0          0          0          0          0          0          0          0         44          0          0          0          1          0          0          0          0          0  Hyper-V PCIe MSI 3718099533847-edge      mlx5_comp22@pci:6c36:00:02.0
 48:          0          0          0          0          0          0          0          0          0          0          0          0          0          0          0          0          0          0          0   11043947          0          0          0        273          0          0          0          1          0          0          0          0  Hyper-V PCIe MSI 3718099533848-edge      mlx5_comp23@pci:6c36:00:02.0
 49:          0          0          0          0          0          0          0          0          0          0          0          0          0          0          0          0          0          0   11020648          0          0          0          0          0         33          0          0          0          1          0          0          0  Hyper-V PCIe MSI 3718099533849-edge      mlx5_comp24@pci:6c36:00:02.0
 50:          0          0          0          0          0          0          0          0          0          0          0          0          0          0          0          0   10011810          0          0          0          0          0          0          0          0         45          0          0          0          1          0          0  Hyper-V PCIe MSI 3718099533850-edge      mlx5_comp25@pci:6c36:00:02.0
 51:          0          0          0          0          0          0          0          0          0          0          0          0          0          0          0          0          0   11004938          0          0          0          0          0          0          0          0         25          0          0          0          1          0  Hyper-V PCIe MSI 3718099533851-edge      mlx5_comp26@pci:6c36:00:02.0
 52:          0          0          0          0          0          0          0          0          0          0          0          0          0          0   10143606          0          0          0          0          0          0          0          0          0          0          0          0         10          0          0          0          1  Hyper-V PCIe MSI 3718099533852-edge      mlx5_comp27@pci:6c36:00:02.0
 53:          1          0          0          0          0          0          0          0          0          0          0          0          0          0          0   10815338          0          0          0          0          0          0          0          0          0          0          0          0          9          0          0          0  Hyper-V PCIe MSI 3718099533853-edge      mlx5_comp28@pci:6c36:00:02.0
 54:          0          1          0          0          0          0          0          0          0          0          0          0          0          0          0          0          0          0          0          0          0          0          0          0          0          0          0          0          0         87   10048165          0  Hyper-V PCIe MSI 3718099533854-edge      mlx5_comp29@pci:6c36:00:02.0
 55:          0          0          1          0          0          0          0          0          0          0          0          0          0          0          0          0          0          0          0          0          0          0          0          0          0          0          0          0          0          0         32   11163991  Hyper-V PCIe MSI 3718099533855-edge      mlx5_comp30@pci:6c36:00:02.0
NMI:          0          0          0          0          0          0          0          0          0          0          0          0          0          0          0          0          0          0          0          0          0          0          0          0          0          0          0          0          0          0          0          0   Non-maskable interrupts
LOC:          0          0          0          0          0          0          0          0          0          0          0          0          0          0          0          0          0          0          0          0          0          0          0          0          0          0          0          0          0          0          0          0   Local timer interrupts
SPU:          0          0          0          0          0          0          0          0          0          0          0          0          0          0          0          0          0          0          0          0          0          0          0          0          0          0          0          0          0          0          0          0   Spurious interrupts
PMI:          0          0          0          0          0          0          0          0          0          0          0          0          0          0          0          0          0          0          0          0          0          0          0          0          0          0          0          0          0          0          0          0   Performance monitoring interrupts
IWI:       1045        681       1083        491       1309        531        994        487        953        606        971        556        978        637       1037        515       1109        725       1062        599       1318        661       1076        792       2574        751       1238        688       1288        791       1038        626   IRQ work interrupts
RTR:          0          0          0          0          0          0          0          0          0          0          0          0          0          0          0          0          0          0          0          0          0          0          0          0          0          0          0          0          0          0          0          0   APIC ICR read retries
RES:     118789       9760     105627      89787     105740     115344      97446      97389      94667      88889      94874      89922     103614      86334      93801      87205      93057      87684      99172      90243     103544      89502     101254      96935      99881      90047      95160      90123      92138      79022      89513      84398   Rescheduling interrupts
CAL:    6169731    5636760    5831709    4825658    5819448    4738148    5737134    4960537    6073586    4998128    5697309    4731319    5787106    4746176    5774308    4885202    5774191    4916102    5710343    4825708    5416813    4582868    5854377    4886226    5931029    4834377    5571173    4748552    5434774    4535034    5706244    4833189   Function call interrupts
TLB:          0          0          0          0          0          0          0          0          0          0          0          0          0          0          0          0          0          0          0          0          0          0          0          0          0          0          0          0          0          0          0          0   TLB shootdowns
TRM:          0          0          0          0          0          0          0          0          0          0          0          0          0          0          0          0          0          0          0          0          0          0          0          0          0          0          0          0          0          0          0          0   Thermal event interrupts
THR:          0          0          0          0          0          0          0          0          0          0          0          0          0          0          0          0          0          0          0          0          0          0          0          0          0          0          0          0          0          0          0          0   Threshold APIC interrupts
DFR:          0          0          0          0          0          0          0          0          0          0          0          0          0          0          0          0          0          0          0          0          0          0          0          0          0          0          0          0          0          0          0          0   Deferred Error APIC interrupts
MCE:          0          0          0          0          0          0          0          0          0          0          0          0          0          0          0          0          0          0          0          0          0          0          0          0          0          0          0          0          0          0          0          0   Machine check exceptions
MCP:        124        124        124        124        124        124        124        124        124        124        124        124        124        124        124        124        124        124        124        124        124        124        124        124        124        124        124        124        124        124        124        124   Machine check polls
HYP:     108502      20316          5      14110      23712      32374      21965      15447      26817      14224         32          0          0          0          0          0          0       1553       1494       1794       1451       1380       1472       1420       2354       1504       1557       2895       1513       1511       1500       1539   Hypervisor callback interrupts
HRE:          0          0          0          0          0          0          0          0          0          0          0          0          0          0          0          0          0          0          0          0          0          0          0          0          0          0          0          0          0          0          0          0   Hyper-V reenlightenment interrupts
HVS:     559955     542811     563143     339171     811642     329568     558414     332039     561297     313628     525892     293243     529268     283600     510325     306608     525644     277821     513286     297120     447122     261244     547833     314909     566450     343892     515866     261069     512140     312557     539745     303865   Hyper-V stimer0 interrupts
ERR:          0
MIS:          0
PIN:          0          0          0          0          0          0          0          0          0          0          0          0          0          0          0          0          0          0          0          0          0          0          0          0          0          0          0          0          0          0          0          0   Posted-interrupt notification event
NPI:          0          0          0          0          0          0          0          0          0          0          0          0          0          0          0          0          0          0          0          0          0          0          0          0          0          0          0          0          0          0          0          0   Nested posted-interrupt event
PIW:          0          0          0          0          0          0          0          0          0          0          0          0          0          0          0          0          0          0          0          0          0          0          0          0          0          0          0          0          0          0          0          0   Posted-interrupt wakeup event
