048a66e7 00000000 0000029a 00000000 00000000 00000000 00000000 00000000 00000000 00000000 00000000 00000000 00000000
009918c1 00000000 0000000d 00000000 00000000 00000000 00000000 00000000 00000000 00000000 00000000 00000000 00000001
040fd8b7 00000000 0000025d 00000000 00000000 00000000 00000000 00000000 00000000 00000000 00000000 00000000 00000002
04b983c4 00000000 00000216 00000000 00000000 00000000 00000000 00000000 00000000 00000000 00000000 00000000 00000003
0435b845 00000000 000002b0 00000000 00000000 00000000 00000000 00000000 00000000 00000000 00000000 00000000 00000004
04350fd5 00000032 00000231 00000000 00000000 00000000 00000000 00000000 00000000 00000000 00000000 00000000 00000005
04b04183 00000000 000002d9 00000000 00000000 00000000 00000000 00000000 00000000 00000000 00000000 00000000 00000006
0396304e 00000000 0000026e 00000000 00000000 00000000 00000000 00000000 00000000 00000000 00000000 00000000 00000007
02a1b2b8 000000db 000001ec 00000000 00000000 00000000 00000000 00000000 00000000 00000000 00000000 00000000 00000008
0396d22e 00000000 000001f1 00000000 00000000 00000000 00000000 00000000 00000000 00000000 00000000 00000000 00000009
04309418 00000000 0000023f 00000000 00000000 00000000 00000000 00000000 00000000 00000000 00000000 00000000 0000000a
0419c9f4 00000040 000002a6 00000000 00000000 00000000 00000000 00000000 00000000 00000000 00000000 00000000 0000000b
033c3141 00000000 0000030c 00000000 00000000 00000000 00000000 00000000 00000000 00000000 00000000 00000000 0000000c
046b6848 00000000 00000221 00000000 00000000 00000000 00000000 00000000 00000000 00000000 00000000 00000000 0000000d
03f52b15 00000000 000002a6 00000000 00000000 00000000 00000000 00000000 00000000 00000000 00000000 00000000 0000000e
038e7072 00000000 0000024e 00000000 00000000 00000000 00000000 00000000 00000000 00000000 00000000 00000000 0000000f
040804c9 00000000 00000261 00000000 00000000 00000000 00000000 00000000 00000000 00000000 00000000 00000000 00000010
03685a6e 00000000 00000244 00000000 00000000 00000000 00000000 00000000 00000000 00000000 00000000 00000000 00000011
041a5b34 00000000 000002a7 00000000 00000000 00000000 00000000 00000000 00000000 00000000 00000000 00000000 00000012
03a068e7 00000000 000002da 00000000 00000000 00000000 00000000 00000000 00000000 00000000 00000000 00000000 00000013
03f7d50a 00000000 0000028f 00000000 00000000 00000000 00000000 00000000 00000000 00000000 00000000 00000000 00000014
04111b6d 000000b7 000002d6 00000000 00000000 00000000 00000000 00000000 00000000 00000000 00000000 00000000 00000015
0377c013 00000000 000002ec 00000000 00000000 00000000 00000000 00000000 00000000 00000000 00000000 00000000 00000016
03ac2c85 00000005 000002d3 00000000 00000000 00000000 00000000 00000000 00000000 00000000 00000000 00000000 00000017
0346faca 00000000 00000298 00000000 00000000 00000000 00000000 00000000 00000000 00000000 00000000 00000000 00000018
0464911a 0000007b 000002bc 00000000 00000000 00000000 00000000 00000000 00000000 00000000 00000000 00000000 00000019
04110bc8 00000000 00000299 00000000 00000000 00000000 00000000 00000000 00000000 00000000 00000000 00000000 0000001a
03410461 00000000 000002dc 00000000 00000000 00000000 00000000 00000000 00000000 00000000 00000000 00000000 0000001b
0491f73b 00000000 00000284 00000000 00000000 00000000 00000000 00000000 00000000 00000000 00000000 00000000 0000001c
04939bd3 0000002f 00000271 00000000 00000000 00000000 00000000 00000000 00000000 00000000 00000000 00000000 0000001d
04c6de09 00000000 0000023d 00000000 00000000 00000000 00000000 00000000 00000000 00000000 00000000 00000000 0000001e
04bfc68c 00000000 00000209 00000000 00000000 00000000 00000000 00000000 00000000 00000000 00000000 00000000 0000001f
