069f3b38 0000054c 0000044d 00000000 00000000 00000000 00000000 00000000 00000000 00000000 00000000 00000000 00000000
00f01f24 00000000 0000006e 00000000 00000000 00000000 00000000 00000000 00000000 00000000 00000000 00000000 00000001
05b625c4 0000005f 00000480 00000000 00000000 00000000 00000000 00000000 00000000 00000000 00000000 00000000 00000002
06efe069 00000000 00000337 00000000 00000000 00000000 00000000 00000000 00000000 00000000 00000000 00000000 00000003
060f9c3a 00000000 0000046d 00000000 00000000 00000000 00000000 00000000 00000000 00000000 00000000 00000000 00000004
05ad037c 000001b7 00000495 00000000 00000000 00000000 00000000 00000000 00000000 00000000 00000000 00000000 00000005
0678261d 00000000 00000443 00000000 00000000 00000000 00000000 00000000 00000000 00000000 00000000 00000000 00000006
059af4ad 00000000 000003a5 00000000 00000000 00000000 00000000 00000000 00000000 00000000 00000000 00000000 00000007
0468e881 000000db 00000388 00000000 00000000 00000000 00000000 00000000 00000000 00000000 00000000 00000000 00000008
0579d226 00000000 00000313 00000000 00000000 00000000 00000000 00000000 00000000 00000000 00000000 00000000 00000009
0676b960 00000000 00000376 00000000 00000000 00000000 00000000 00000000 00000000 00000000 00000000 00000000 0000000a
05bf80c2 00000061 000004e3 00000000 00000000 00000000 00000000 00000000 00000000 00000000 00000000 00000000 0000000b
04c9dcec 00000000 00000512 00000000 00000000 00000000 00000000 00000000 00000000 00000000 00000000 00000000 0000000c
0604ab59 00000000 0000040c 00000000 00000000 00000000 00000000 00000000 00000000 00000000 00000000 00000001 0000000d
062f29b4 00000000 00000437 00000000 00000000 00000000 00000000 00000000 00000000 00000000 00000000 00000000 0000000e
0618e68e 00000000 0000036f 00000000 00000000 00000000 00000000 00000000 00000000 00000000 00000000 00000000 0000000f
060f2c48 00000000 000003e3 00000000 00000000 00000000 00000000 00000000 00000000 00000000 00000000 00000000 00000010
04fa3ef3 0000033b 000004fd 00000000 00000000 00000000 00000000 00000000 00000000 00000000 00000000 00000008 00000011
060a5371 00000000 00000432 00000000 00000000 00000000 00000000 00000000 00000000 00000000 00000000 00000000 00000012
0599bde6 00000000 000003e7 00000000 00000000 00000000 00000000 00000000 00000000 00000000 00000000 00000000 00000013
06084d48 00000000 000003d2 00000000 00000000 00000000 00000000 00000000 00000000 00000000 00000000 00000000 00000014
060274e2 000000b7 000003c8 00000000 00000000 00000000 00000000 00000000 00000000 00000000 00000000 00000000 00000015
0615e735 00000000 00000448 00000000 00000000 00000000 00000000 00000000 00000000 00000000 00000000 00000000 00000016
05c3bd6f 00000005 0000044b 00000000 00000000 00000000 00000000 00000000 00000000 00000000 00000000 00000000 00000017
04c3cafa 00000092 00000502 00000000 00000000 00000000 00000000 00000000 00000000 00000000 00000000 00000000 00000018
060eeb12 0000007b 000004a4 00000000 00000000 00000000 00000000 00000000 00000000 00000000 00000000 00000000 00000019
05bd02af 00000000 00000478 00000000 00000000 00000000 00000000 00000000 00000000 00000000 00000000 00000000 0000001a
049c98ab 00000000 000005b6 00000000 00000000 00000000 00000000 00000000 00000000 00000000 00000000 00000000 0000001b
06cc8daa 00000000 000003be 00000000 00000000 00000000 00000000 00000000 00000000 00000000 00000000 00000000 0000001c
063fd3c9 0000002f 0000042a 00000000 00000000 00000000 00000000 00000000 00000000 00000000 00000000 00000000 0000001d
06c757dd 00000000 00000399 00000000 00000000 00000000 00000000 00000000 00000000 00000000 00000000 00000000 0000001e
0728f776 00000000 0000031d 00000000 00000000 00000000 00000000 00000000 00000000 00000000 00000000 00000000 0000001f
