           CPU0       CPU1       CPU2       CPU3       CPU4       CPU5       CPU6       CPU7       CPU8       CPU9       CPU10      CPU11      CPU12      CPU13      CPU14      CPU15      CPU16      CPU17      CPU18      CPU19      CPU20      CPU21      CPU22      CPU23      CPU24      CPU25      CPU26      CPU27      CPU28      CPU29      CPU30      CPU31      
  4:          0          0        806          0          0          0          0          0          0          0          0          0          0          0          0          0          0          0          0          0          0          0          0          0          0          0          0          0          0          0          0         13   IO-APIC   4-edge      ttyS0
  8:          0          0          0          0          0          0          0          0          0          0          0          0          0          0          0          0          0          0          0          0          0          0          0          0          0          0          0          0          0          0          0          0   IO-APIC   8-edge      rtc0
  9:          0          0          0          0          0          0          0          0          0          0          0          0          0          0          0          0          0          0          0          0          0          0          0          0          0          0          0          0          0          0          0          0   IO-APIC   9-fasteoi   acpi
 24:          0    5631871          0       2321          0          0          0          0          0          0          0          0          0          0          0          0          0          0          0          0          0          0          0          0          0          0          0          0          0          0          0          0  Hyper-V PCIe MSI 7119310979072-edge      mlx5_async0@pci:cf33:00:02.0
 25:   20599690          0          0          0          1          0          0          0          0          0          0          0          0          0          0          0          0          0          0          0          0          0          0          0          0          0          0          0          0          0          0          0  Hyper-V PCIe MSI 7119310979073-edge      mlx5_comp0@pci:cf33:00:02.0
 26:          0         30          0          0          0          1          0          0          0          0          0          0          0          0          0          0          0          0          0          0   19284535          0          0          0          0          0          0          0          0          0          0          0  Hyper-V PCIe MSI 7119310979074-edge      mlx5_comp1@pci:cf33:00:02.0
 27:          0          0        230          0          0          0          1          0          0          0          0          0          0          0          0          0          0          0          0          0          0   20376311          0          0          0          0          0          0          0          0          0          0  Hyper-V PCIe MSI 7119310979075-edge      mlx5_comp2@pci:cf33:00:02.0
 28:          0          0          0         32          0          0   18082145          1          0          0          0          0          0          0          0          0          0          0          0          0          0          0          0          0          0          0          0          0          0          0          0          0  Hyper-V PCIe MSI 7119310979076-edge      mlx5_comp3@pci:cf33:00:02.0
 29:          0          0          0          0         19          0          0   22283058          1          0          0          0          0          0          0          0          0          0          0          0          0          0          0          0          0          0          0          0          0          0          0          0  Hyper-V PCIe MSI 7119310979077-edge      mlx5_comp4@pci:cf33:00:02.0
 30:          0          0          0          0          0   18910064          0          0          0          1          0          0          0          0          0          0          0          0          0          0          0          0          0          0          0          0          0          0          0          0          0          0  Hyper-V PCIe MSI 7119310979078-edge      mlx5_comp5@pci:cf33:00:02.0
 31:          0          0          0          0   21393659          0          3          0          0          0          1          0          0          0          0          0          0          0          0          0          0          0          0          0          0          0          0          0          0          0          0          0  Hyper-V PCIe MSI 7119310979079-edge      mlx5_comp6@pci:cf33:00:02.0
 32:          0          0          0   22771117          0          0          0        179          0          0          0          1          0          0          0          0          0          0          0          0          0          0          0          0          0          0          0          0          0          0          0          0  Hyper-V PCIe MSI 7119310979080-edge      mlx5_comp7@pci:cf33:00:02.0
 33:          0          0   22106215          0          0          0          0          0         10          0          0          0          1          0          0          0          0          0          0          0          0          0          0          0          0          0          0          0          0          0          0          0  Hyper-V PCIe MSI 7119310979081-edge      mlx5_comp8@pci:cf33:00:02.0
 34:          0          0          0          0          0          0          0          0          0         13          0          0          0          1          0          0          0          0          0          0          0          0   19096838          0          0          0          0          0          0          0          0          0  Hyper-V PCIe MSI 7119310979082-edge      mlx5_comp9@pci:cf33:00:02.0
 35:          0          0          0          0          0          0          0          0          0          0          3          0          0          0          1          0          0          0          0          0          0          0          0   22090540          0          0          0          0          0          0          0          0  Hyper-V PCIe MSI 7119310979083-edge      mlx5_comp10@pci:cf33:00:02.0
 36:          0          0          0          0          0          0          0          0          0          0   19070752         13          0          0          0          1          0          0          0          0          0          0          0          0          0          0          0          0          0          0          0          0  Hyper-V PCIe MSI 7119310979084-edge      mlx5_comp11@pci:cf33:00:02.0
 37:          0          0          0          0          0          0          0          0          0          0          0   18211510          4          0          0          0          1          0          0          0          0          0          0          0          0          0          0          0          0          0          0          0  Hyper-V PCIe MSI 7119310979085-edge      mlx5_comp12@pci:cf33:00:02.0
 38:          0          0          0          0          0          0          0          0          0          0          0          0          0          3          0          0          0          1          0          0          0          0          0          0          0          0          0          0          0   22780380          0          0  Hyper-V PCIe MSI 7119310979086-edge      mlx5_comp13@pci:cf33:00:02.0
 39:          0          0          0          0          0          0          0          0          0          0          0          0          0          0         11          0          0          0          1          0          0          0          0          0          0          0          0          0   21029981          0          0          0  Hyper-V PCIe MSI 7119310979087-edge      mlx5_comp14@pci:cf33:00:02.0
 40:          0          0          0          0          0          0          0          0          0          0          0          0          0          0          0         39          0          0          0          1          0          0          0          0          0          0   18386320          0          0          0          0          0  Hyper-V PCIe MSI 7119310979088-edge      mlx5_comp15@pci:cf33:00:02.0
 41:          0          0          0          0          0          0          0          0          0          0          0          0          0          0          0          0          3          0          0          0          1          0          0          0          0          0          0   19715119          0          0          0          0  Hyper-V PCIe MSI 7119310979089-edge      mlx5_comp16@pci:cf33:00:02.0
 42:          0          0          0          0          0          0          0          0          0          0          0          0          0          0          0          0          0          8          0          0          0          1          0          0   19501980          0          0          0          0          0          0          0  Hyper-V PCIe MSI 7119310979090-edge      mlx5_comp17@pci:cf33:00:02.0
 43:          0          0          0          0          0          0          0          0          0          0          0          0          0          0          0          0          0          0         11          0          0          0          1          0          0   20410012          0          0          0          0          0          0  Hyper-V PCIe MSI 7119310979091-edge      mlx5_comp18@pci:cf33:00:02.0
 44:          0          0          0          0          0          0          0          0          0          0          0          0   21785328          0          0          0          0          0          0         37          0          0          0          1          0          0          0          0          0          0          0          0  Hyper-V PCIe MSI 7119310979092-edge      mlx5_comp19@pci:cf33:00:02.0
 45:          0          0          0          0          0          0          0          0          0          0          0          0          0   19976707          0          0          0          0          0          0        550          0          0          0          1          0          0          0          0          0          0          0  Hyper-V PCIe MSI 7119310979093-edge      mlx5_comp20@pci:cf33:00:02.0
 46:          0          0          0          0          0          0          0          0   20877879          0          0          0          0          0          0          0          0          0          0          0          0         17          0          0          0          1          0          0          0          0          0          0  Hyper-V PCIe MSI 7119310979094-edge      mlx5_comp21@pci:cf33:00:02.0
 47:          0          0          0          0          0          0          0          0          0   20473311          0          0          0          0          0          0          0          0          0          0          0          0          8          0          0          0          1          0          0          0          0          0  Hyper-V PCIe MSI 7119310979095-edge      mlx5_comp22@pci:cf33:00:02.0
 48:          0          0          0          0          0          0          0          0          0          0          0          0          0          0          0          0          0          0          0   20009931          0          0          0         34          0          0          0          1          0          0          0          0  Hyper-V PCIe MSI 7119310979096-edge      mlx5_comp23@pci:cf33:00:02.0
 49:          0          0          0          0          0          0          0          0          0          0          0          0          0          0          0          0          0          0   20052907          0          0          0          0          0         17          0          0          0          1          0          0          0  Hyper-V PCIe MSI 7119310979097-edge      mlx5_comp24@pci:cf33:00:02.0
 50:          0          0          0          0          0          0          0          0          0          0          0          0          0          0          0          0   20567455          0          0          0          0          0          0          0          0         31          0          0          0          1          0          0  Hyper-V PCIe MSI 7119310979098-edge      mlx5_comp25@pci:cf33:00:02.0
 51:          0          0          0          0          0          0          0          0          0          0          0          0          0          0          0          0          0   21537076          0          0          0          0          0          0          0          0         41          0          0          0          1          0  Hyper-V PCIe MSI 7119310979099-edge      mlx5_comp26@pci:cf33:00:02.0
 52:          0          0          0          0          0          0          0          0          0          0          0          0          0          0   20820638          0          0          0          0          0          0          0          0          0          0          0          0         42          0          0          0          1  Hyper-V PCIe MSI 7119310979100-edge      mlx5_comp27@pci:cf33:00:02.0
 53:          1          0          0          0          0          0          0          0          0          0          0          0          0          0          0   18683530          0          0          0          0          0          0          0          0          0          0          0          0         16          0          0          0  Hyper-V PCIe MSI 7119310979101-edge      mlx5_comp28@pci:cf33:00:02.0
 54:          0          1          0          0          0          0          0          0          0          0          0          0          0          0          0          0          0          0          0          0          0          0          0          0          0          0          0          0          0         15   19084486          0  Hyper-V PCIe MSI 7119310979102-edge      mlx5_comp29@pci:cf33:00:02.0
 55:          0          0          1          0          0          0          0          0          0          0          0          0          0          0          0          0          0          0          0          0          0          0          0          0          0          0          0          0          0          0         28   19552435  Hyper-V PCIe MSI 7119310979103-edge      mlx5_comp30@pci:cf33:00:02.0
NMI:          0          0          0          0          0          0          0          0          0          0          0          0          0          0          0          0          0          0          0          0          0          0          0          0          0          0          0          0          0          0          0          0   Non-maskable interrupts
LOC:          0          0          0          0          0          0          0          0          0          0          0          0          0          0          0          0          0          0          0          0          0          0          0          0          0          0          0          0          0          0          0          0   Local timer interrupts
SPU:          0          0          0          0          0          0          0          0          0          0          0          0          0          0          0          0          0          0          0          0          0          0          0          0          0          0          0          0          0          0          0          0   Spurious interrupts
PMI:          0          0          0          0          0          0          0          0          0          0          0          0          0          0          0          0          0          0          0          0          0          0          0          0          0          0          0          0          0          0          0          0   Performance monitoring interrupts
IWI:       1588       1053       1298        888       1171        716       1169        847       1148        878       1310        775       1409        960       1151        855       1356        951       1500       1074       1585        994       1620       1089       1613       1071       1492       1058       1530       1070       1439        959   IRQ work interrupts
RTR:          0          0          0          0          0          0          0          0          0          0          0          0          0          0          0          0          0          0          0          0          0          0          0          0          0          0          0          0          0          0          0          0   APIC ICR read retries
RES:     353400      19880     368484     408546     351170     333393     311050     378906     432153     386444     357088     294367     418413     372545     354375     306806     365172     351653     387721     339718     268880     293599     310213     402457     348633     334361     372790     369140     406640     373036     318571     334813   Rescheduling interrupts
CAL:    2644244    2310403    2468263    2081520    1884724    1626911    2294981    2066236    2258039    1910748    2005631    1636536    2084623    1726161    1959287    1692241    1847918    1571446    1819994    1558132    1767954    1560496    2250485    1964712    1774114    1589281    2141358    1845066    2115604    1877731    1735792    1588753   Function call interrupts
TLB:          0          0          0          0          0          0          0          0          0          0          0          0          0          0          0          0          0          0          0          0          0          0          0          0          0          0          0          0          0          0          0          0   TLB shootdowns
TRM:          0          0          0          0          0          0          0          0          0          0          0          0          0          0          0          0          0          0          0          0          0          0          0          0          0          0          0          0          0          0          0          0   Thermal event interrupts
THR:          0          0          0          0          0          0          0          0          0          0          0          0          0          0          0          0          0          0          0          0          0          0          0          0          0          0          0          0          0          0          0          0   Threshold APIC interrupts
DFR:          0          0          0          0          0          0          0          0          0          0          0          0          0          0          0          0          0          0          0          0          0          0          0          0          0          0          0          0          0          0          0          0   Deferred Error APIC interrupts
MCE:          0          0          0          0          0          0          0          0          0          0          0          0          0          0          0          0          0          0          0          0          0          0          0          0          0          0          0          0          0          0          0          0   Machine check exceptions
MCP:          9          9          9          9          9          9          9          9          9          9          9          9          9          9          9          9          9          9          9          9          9          9          9          9          9          9          9          9          9          9          9          9   Machine check polls
HYP:      16229      23590         29      21627          8          0      25479          0          0      31042          0          0      22619          0      18483      18030      15087       2694       2178       2185       2155       1911       1985       1625       1188       1580       2030       1440       2134       2229       1976       1977   Hypervisor callback interrupts
HRE:          0          0          0          0          0          0          0          0          0          0          0          0          0          0          0          0          0          0          0          0          0          0          0          0          0          0          0          0          0          0          0          0   Hyper-V reenlightenment interrupts
HVS:     874706     786209     870262     716750     830079     677092     972085     799457     885370     690978     825815     682642     798372     622095     890343     687501     804922     674043     782114     644275     828194     709016     776506     588201     764701     633322     822997     635814     759159     581409     703809     586889   Hyper-V stimer0 interrupts
ERR:          0
MIS:          0
PIN:          0          0          0          0          0          0          0          0          0          0          0          0          0          0          0          0          0          0          0          0          0          0          0          0          0          0          0          0          0          0          0          0   Posted-interrupt notification event
NPI:          0          0          0          0          0          0          0          0          0          0          0          0          0          0          0          0          0          0          0          0          0          0          0          0          0          0          0          0          0          0          0          0   Nested posted-interrupt event
PIW:          0          0          0          0          0          0          0          0          0          0          0          0          0          0          0          0          0          0          0          0          0          0          0          0          0          0          0          0          0          0          0          0   Posted-interrupt wakeup event
