06baf381 00000000 00000015 00000000 00000000 00000000 00000000 00000000 00000000 00000000 00000000 00000000 00000000
030adced 00000000 00000009 00000000 00000000 00000000 00000000 00000000 00000000 00000000 00000000 00000000 00000001
0674f518 00000000 00000011 00000000 00000000 00000000 00000000 00000000 00000000 00000000 00000000 00000000 00000002
07be3331 00000000 00000019 00000000 00000000 00000000 00000000 00000000 00000000 00000000 00000000 00000000 00000003
054dbba2 00000000 00000019 00000000 00000000 00000000 00000000 00000000 00000000 00000000 00000000 00000000 00000004
066c5945 00000000 0000001f 00000000 00000000 00000000 00000000 00000000 00000000 00000000 00000000 00000000 00000005
07e47c29 00000000 00000020 00000000 00000000 00000000 00000000 00000000 00000000 00000000 00000000 00000000 00000006
066cba2d 00000000 00000022 00000000 00000000 00000000 00000000 00000000 00000000 00000000 00000000 00000000 00000007
067e8003 00000000 00000016 00000000 00000000 00000000 00000000 00000000 00000000 00000000 00000000 00000000 00000008
078dc7ea 00000000 00000022 00000000 00000000 00000000 00000000 00000000 00000000 00000000 00000000 00000000 00000009
062c413b 00000000 00000026 00000000 00000000 00000000 00000000 00000000 00000000 00000000 00000000 00000000 0000000a
07f4137e 00000000 0000003f 00000000 00000000 00000000 00000000 00000000 00000000 00000000 00000000 00000000 0000000b
05a64695 00000000 00000020 00000000 00000000 00000000 00000000 00000000 00000000 00000000 00000000 00000000 0000000c
06d5b803 00000000 00000029 00000000 00000000 00000000 00000000 00000000 00000000 00000000 00000000 00000000 0000000d
06974b87 00000000 00000043 00000000 00000000 00000000 00000000 00000000 00000000 00000000 00000000 00000000 0000000e
06bb97fb 00000000 00000045 00000000 00000000 00000000 00000000 00000000 00000000 00000000 00000000 00000000 0000000f
057d39f7 00000000 00000024 00000000 00000000 00000000 00000000 00000000 00000000 00000000 00000000 00000000 00000010
061255ad 00000000 00000031 00000000 00000000 00000000 00000000 00000000 00000000 00000000 00000000 00000000 00000011
05b30fb5 00000000 0000002c 00000000 00000000 00000000 00000000 00000000 00000000 00000000 00000000 00000000 00000012
06d5bf4a 00000000 00000035 00000000 00000000 00000000 00000000 00000000 00000000 00000000 00000000 00000000 00000013
067fcbbf 00000000 00000042 00000000 00000000 00000000 00000000 00000000 00000000 00000000 00000000 00000000 00000014
0632ad5b 00000000 0000003c 00000000 00000000 00000000 00000000 00000000 00000000 00000000 00000000 00000000 00000015
070dddce 00000000 00000033 00000000 00000000 00000000 00000000 00000000 00000000 00000000 00000000 00000000 00000016
05544b94 00000000 00000034 00000000 00000000 00000000 00000000 00000000 00000000 00000000 00000000 00000000 00000017
0685a740 00000000 0000003d 00000000 00000000 00000000 00000000 00000000 00000000 00000000 00000000 00000000 00000018
05a036d6 00000000 00000039 00000000 00000000 00000000 00000000 00000000 00000000 00000000 00000000 00000000 00000019
06c53689 00000000 00000045 00000000 00000000 00000000 00000000 00000000 00000000 00000000 00000000 00000000 0000001a
06eb9480 00000000 00000040 00000000 00000000 00000000 00000000 00000000 00000000 00000000 00000000 00000000 0000001b
0747fde3 00000000 0000003c 00000000 00000000 00000000 00000000 00000000 00000000 00000000 00000000 00000000 0000001c
06617dd6 00000000 00000028 00000000 00000000 00000000 00000000 00000000 00000000 00000000 00000000 00000000 0000001d
07c69fda 00000000 00000034 00000000 00000000 00000000 00000000 00000000 00000000 00000000 00000000 00000000 0000001e
068c5481 00000000 00000031 00000000 00000000 00000000 00000000 00000000 00000000 00000000 00000000 00000000 0000001f
