06be2959 00000000 00000015 00000000 00000000 00000000 00000000 00000000 00000000 00000000 00000000 00000000 00000000
030d7371 00000000 00000009 00000000 00000000 00000000 00000000 00000000 00000000 00000000 00000000 00000000 00000001
06792e54 00000000 00000011 00000000 00000000 00000000 00000000 00000000 00000000 00000000 00000000 00000000 00000002
07c0cbd9 00000000 00000019 00000000 00000000 00000000 00000000 00000000 00000000 00000000 00000000 00000000 00000003
0550511d 00000000 00000019 00000000 00000000 00000000 00000000 00000000 00000000 00000000 00000000 00000000 00000004
0679a54a 00000000 0000001f 00000000 00000000 00000000 00000000 00000000 00000000 00000000 00000000 00000000 00000005
07f4ead2 00000000 00000020 00000000 00000000 00000000 00000000 00000000 00000000 00000000 00000000 00000000 00000006
067b78ab 00000000 00000022 00000000 00000000 00000000 00000000 00000000 00000000 00000000 00000000 00000000 00000007
0682ff35 00000000 00000016 00000000 00000000 00000000 00000000 00000000 00000000 00000000 00000000 00000000 00000008
07903486 00000000 00000022 00000000 00000000 00000000 00000000 00000000 00000000 00000000 00000000 00000000 00000009
063b3a84 00000000 00000026 00000000 00000000 00000000 00000000 00000000 00000000 00000000 00000000 00000000 0000000a
07f53031 00000000 0000003f 00000000 00000000 00000000 00000000 00000000 00000000 00000000 00000000 00000000 0000000b
05a9b376 00000000 00000020 00000000 00000000 00000000 00000000 00000000 00000000 00000000 00000000 00000000 0000000c
06d70642 00000000 00000029 00000000 00000000 00000000 00000000 00000000 00000000 00000000 00000000 00000000 0000000d
06a6828e 00000000 00000043 00000000 00000000 00000000 00000000 00000000 00000000 00000000 00000000 00000000 0000000e
06c9f862 00000000 00000045 00000000 00000000 00000000 00000000 00000000 00000000 00000000 00000000 00000000 0000000f
0580e74c 00000000 00000024 00000000 00000000 00000000 00000000 00000000 00000000 00000000 00000000 00000000 00000010
06136871 00000000 00000031 00000000 00000000 00000000 00000000 00000000 00000000 00000000 00000000 00000000 00000011
05b665f6 00000000 0000002c 00000000 00000000 00000000 00000000 00000000 00000000 00000000 00000000 00000000 00000012
06efece8 00000000 00000035 00000000 00000000 00000000 00000000 00000000 00000000 00000000 00000000 00000000 00000013
069a893a 00000000 00000042 00000000 00000000 00000000 00000000 00000000 00000000 00000000 00000000 00000000 00000014
063fdac8 00000000 0000003c 00000000 00000000 00000000 00000000 00000000 00000000 00000000 00000000 00000000 00000015
0711aaf3 00000000 00000033 00000000 00000000 00000000 00000000 00000000 00000000 00000000 00000000 00000000 00000016
0556dbc7 00000000 00000034 00000000 00000000 00000000 00000000 00000000 00000000 00000000 00000000 00000000 00000017
068834bd 00000000 0000003d 00000000 00000000 00000000 00000000 00000000 00000000 00000000 00000000 00000000 00000018
05ba4cb1 00000000 00000039 00000000 00000000 00000000 00000000 00000000 00000000 00000000 00000000 00000000 00000019
06c8eab1 00000000 00000045 00000000 00000000 00000000 00000000 00000000 00000000 00000000 00000000 00000000 0000001a
06f94efc 00000000 00000041 00000000 00000000 00000000 00000000 00000000 00000000 00000000 00000000 00000000 0000001b
074c3107 00000000 0000003c 00000000 00000000 00000000 00000000 00000000 00000000 00000000 00000000 00000000 0000001c
066fadbf 00000000 00000028 00000000 00000000 00000000 00000000 00000000 00000000 00000000 00000000 00000000 0000001d
07ca1b45 00000000 00000034 00000000 00000000 00000000 00000000 00000000 00000000 00000000 00000000 00000000 0000001e
0699846d 00000000 00000031 00000000 00000000 00000000 00000000 00000000 00000000 00000000 00000000 00000000 0000001f
