           CPU0       CPU1       CPU2       CPU3       CPU4       CPU5       CPU6       CPU7       CPU8       CPU9       CPU10      CPU11      CPU12      CPU13      CPU14      CPU15      CPU16      CPU17      CPU18      CPU19      CPU20      CPU21      CPU22      CPU23      CPU24      CPU25      CPU26      CPU27      CPU28      CPU29      CPU30      CPU31      
  4:          0          0        999          0          0          0          0          0          0          0          0          0          0          0          0          0          0          0          0          0          0          0          0          0          0          0          0          0          0          0          0         13   IO-APIC   4-edge      ttyS0
  8:          0          0          0          0          0          0          0          0          0          0          0          0          0          0          0          0          0          0          0          0          0          0          0          0          0          0          0          0          0          0          0          0   IO-APIC   8-edge      rtc0
  9:          0          0          0          0          0          0          0          0          0          0          0          0          0          0          0          0          0          0          0          0          0          0          0          0          0          0          0          0          0          0          0          0   IO-APIC   9-fasteoi   acpi
 24:          0    5420128          0       1129          0          0          0          0          0          0          0          0          0          0          0          0          0          0          0          0          0          0          0          0          0          0          0          0          0          0          0          0  Hyper-V PCIe MSI 7814021939200-edge      mlx5_async0@pci:e36b:00:02.0
 25:   20197834          0          0          0          1          0          0          0          0          0          0          0          0          0          0          0          0          0          0          0          0          0          0          0          0          0          0          0          0          0          0          0  Hyper-V PCIe MSI 7814021939201-edge      mlx5_comp0@pci:e36b:00:02.0
 26:          0         31          0          0          0          1          0          0          0          0          0          0          0          0          0          0          0          0          0          0   21112795          0          0          0          0          0          0          0          0          0          0          0  Hyper-V PCIe MSI 7814021939202-edge      mlx5_comp1@pci:e36b:00:02.0
 27:          0          0         14          0          0          0          1          0          0          0          0          0          0          0          0          0          0          0          0          0          0   19115473          0          0          0          0          0          0          0          0          0          0  Hyper-V PCIe MSI 7814021939203-edge      mlx5_comp2@pci:e36b:00:02.0
 28:          0          0          0          2          0          0   19112990          1          0          0          0          0          0          0          0          0          0          0          0          0          0          0          0          0          0          0          0          0          0          0          0          0  Hyper-V PCIe MSI 7814021939204-edge      mlx5_comp3@pci:e36b:00:02.0
 29:          0          0          0          0          2          0          0   20081829          1          0          0          0          0          0          0          0          0          0          0          0          0          0          0          0          0          0          0          0          0          0          0          0  Hyper-V PCIe MSI 7814021939205-edge      mlx5_comp4@pci:e36b:00:02.0
 30:          0          0          0          0          0   19331746          0          0          0          1          0          0          0          0          0          0          0          0          0          0          0          0          0          0          0          0          0          0          0          0          0          0  Hyper-V PCIe MSI 7814021939206-edge      mlx5_comp5@pci:e36b:00:02.0
 31:          0          0          0          0   19192555          0         14          0          0          0          1          0          0          0          0          0          0          0          0          0          0          0          0          0          0          0          0          0          0          0          0          0  Hyper-V PCIe MSI 7814021939207-edge      mlx5_comp6@pci:e36b:00:02.0
 32:          0          0          0   19464413          0          0          0          2          0          0          0          1          0          0          0          0          0          0          0          0          0          0          0          0          0          0          0          0          0          0          0          0  Hyper-V PCIe MSI 7814021939208-edge      mlx5_comp7@pci:e36b:00:02.0
 33:          0          0   20476813          0          0          0          0          0         74          0          0          0          1          0          0          0          0          0          0          0          0          0          0          0          0          0          0          0          0          0          0          0  Hyper-V PCIe MSI 7814021939209-edge      mlx5_comp8@pci:e36b:00:02.0
 34:          0          0          0          0          0          0          0          0          0          2          0          0          0          1          0          0          0          0          0          0          0          0   19735411          0          0          0          0          0          0          0          0          0  Hyper-V PCIe MSI 7814021939210-edge      mlx5_comp9@pci:e36b:00:02.0
 35:          0          0          0          0          0          0          0          0          0          0          4          0          0          0          1          0          0          0          0          0          0          0          0   20284754          0          0          0          0          0          0          0          0  Hyper-V PCIe MSI 7814021939211-edge      mlx5_comp10@pci:e36b:00:02.0
 36:          0          0          0          0          0          0          0          0          0          0   19233439          2          0          0          0          1          0          0          0          0          0          0          0          0          0          0          0          0          0          0          0          0  Hyper-V PCIe MSI 7814021939212-edge      mlx5_comp11@pci:e36b:00:02.0
 37:          0          0          0          0          0          0          0          0          0          0          0   19610196         14          0          0          0          1          0          0          0          0          0          0          0          0          0          0          0          0          0          0          0  Hyper-V PCIe MSI 7814021939213-edge      mlx5_comp12@pci:e36b:00:02.0
 38:          0          0          0          0          0          0          0          0          0          0          0          0          0          9          0          0          0          1          0          0          0          0          0          0          0          0          0          0          0   19251861          0          0  Hyper-V PCIe MSI 7814021939214-edge      mlx5_comp13@pci:e36b:00:02.0
 39:          0          0          0          0          0          0          0          0          0          0          0          0          0          0         51          0          0          0          1          0          0          0          0          0          0          0          0          0   20251486          0          0          0  Hyper-V PCIe MSI 7814021939215-edge      mlx5_comp14@pci:e36b:00:02.0
 40:          0          0          0          0          0          0          0          0          0          0          0          0          0          0          0          1          0          0          0          1          0          0          0          0          0          0   18665050          0          0          0          0          0  Hyper-V PCIe MSI 7814021939216-edge      mlx5_comp15@pci:e36b:00:02.0
 41:          0          0          0          0          0          0          0          0          0          0          0          0          0          0          0          0          8          0          0          0          1          0          0          0          0          0          0   20048045          0          0          0          0  Hyper-V PCIe MSI 7814021939217-edge      mlx5_comp16@pci:e36b:00:02.0
 42:          0          0          0          0          0          0          0          0          0          0          0          0          0          0          0          0          0         19          0          0          0          1          0          0   19244908          0          0          0          0          0          0          0  Hyper-V PCIe MSI 7814021939218-edge      mlx5_comp17@pci:e36b:00:02.0
 43:          0          0          0          0          0          0          0          0          0          0          0          0          0          0          0          0          0          0         29          0          0          0          1          0          0   20468935          0          0          0          0          0          0  Hyper-V PCIe MSI 7814021939219-edge      mlx5_comp18@pci:e36b:00:02.0
 44:          0          0          0          0          0          0          0          0          0          0          0          0   19247332          0          0          0          0          0          0          3          0          0          0          1          0          0          0          0          0          0          0          0  Hyper-V PCIe MSI 7814021939220-edge      mlx5_comp19@pci:e36b:00:02.0
 45:          0          0          0          0          0          0          0          0          0          0          0          0          0   20306308          0          0          0          0          0          0          3          0          0          0          1          0          0          0          0          0          0          0  Hyper-V PCIe MSI 7814021939221-edge      mlx5_comp20@pci:e36b:00:02.0
 46:          0          0          0          0          0          0          0          0   19324835          0          0          0          0          0          0          0          0          0          0          0          0         97          0          0          0          1          0          0          0          0          0          0  Hyper-V PCIe MSI 7814021939222-edge      mlx5_comp21@pci:e36b:00:02.0
 47:          0          0          0          0          0          0          0          0          0   20822206          0          0          0          0          0          0          0          0          0          0          0          0          6          0          0          0          1          0          0          0          0          0  Hyper-V PCIe MSI 7814021939223-edge      mlx5_comp22@pci:e36b:00:02.0
 48:          0          0          0          0          0          0          0          0          0          0          0          0          0          0          0          0          0          0          0   18992038          0          0          0          7          0          0          0          1          0          0          0          0  Hyper-V PCIe MSI 7814021939224-edge      mlx5_comp23@pci:e36b:00:02.0
 49:          0          0          0          0          0          0          0          0          0          0          0          0          0          0          0          0          0          0   19477788          0          0          0          0          0         19          0          0          0          1          0          0          0  Hyper-V PCIe MSI 7814021939225-edge      mlx5_comp24@pci:e36b:00:02.0
 50:          0          0          0          0          0          0          0          0          0          0          0          0          0          0          0          0   19396874          0          0          0          0          0          0          0          0         39          0          0          0          1          0          0  Hyper-V PCIe MSI 7814021939226-edge      mlx5_comp25@pci:e36b:00:02.0
 51:          0          0          0          0          0          0          0          0          0          0          0          0          0          0          0          0          0   20028209          0          0          0          0          0          0          0          0          5          0          0          0          1          0  Hyper-V PCIe MSI 7814021939227-edge      mlx5_comp26@pci:e36b:00:02.0
 52:          0          0          0          0          0          0          0          0          0          0          0          0          0          0   19420402          0          0          0          0          0          0          0          0          0          0          0          0        116          0          0          0          1  Hyper-V PCIe MSI 7814021939228-edge      mlx5_comp27@pci:e36b:00:02.0
 53:          1          0          0          0          0          0          0          0          0          0          0          0          0          0          0   19206974          0          0          0          0          0          0          0          0          0          0          0          0         33          0          0          0  Hyper-V PCIe MSI 7814021939229-edge      mlx5_comp28@pci:e36b:00:02.0
 54:          0          1          0          0          0          0          0          0          0          0          0          0          0          0          0          0          0          0          0          0          0          0          0          0          0          0          0          0          0          6   19166418          0  Hyper-V PCIe MSI 7814021939230-edge      mlx5_comp29@pci:e36b:00:02.0
 55:          0          0          1          0          0          0          0          0          0          0          0          0          0          0          0          0          0          0          0          0          0          0          0          0          0          0          0          0          0          0        247   20151708  Hyper-V PCIe MSI 7814021939231-edge      mlx5_comp30@pci:e36b:00:02.0
NMI:          0          0          0          0          0          0          0          0          0          0          0          0          0          0          0          0          0          0          0          0          0          0          0          0          0          0          0          0          0          0          0          0   Non-maskable interrupts
LOC:          0          0          0          0          0          0          0          0          0          0          0          0          0          0          0          0          0          0          0          0          0          0          0          0          0          0          0          0          0          0          0          0   Local timer interrupts
SPU:          0          0          0          0          0          0          0          0          0          0          0          0          0          0          0          0          0          0          0          0          0          0          0          0          0          0          0          0          0          0          0          0   Spurious interrupts
PMI:          0          0          0          0          0          0          0          0          0          0          0          0          0          0          0          0          0          0          0          0          0          0          0          0          0          0          0          0          0          0          0          0   Performance monitoring interrupts
IWI:       3256       1727       1698       1227       1522       1054       1791       1215       1703       1226       1852       1017       1798       1269       1636       1084       1696       1567       5763       1361       2002       1731       2271       1511       2031       1692       2133       1611       2117       1748       2155       1406   IRQ work interrupts
RTR:          0          0          0          0          0          0          0          0          0          0          0          0          0          0          0          0          0          0          0          0          0          0          0          0          0          0          0          0          0          0          0          0   APIC ICR read retries
RES:     377287      37323     356090     345915     355374     358813     340241     341194     330601     351357     363685     333735     343562     347348     351236     342424     349405     317009     353622     327060     348420     324494     359351     318652     334377     343704     335818     333537     363863     345929     347427     325944   Rescheduling interrupts
CAL:    3400443    2831110    2726200    1912840    2773951    1840243    2631806    2003146    2705767    2119841    2873721    1778061    2729070    2192579    2565440    2067046    2722339    2074380    2703446    1889080    2667471    1874908    2884219    1951284    2747574    1967820    2907228    2252218    2939674    2177319    2934558    2098404   Function call interrupts
TLB:          0          0          0          0          0          0          0          0          0          0          0          0          0          0          0          0          0          0          0          0          0          0          0          0          0          0          0          0          0          0          0          0   TLB shootdowns
TRM:          0          0          0          0          0          0          0          0          0          0          0          0          0          0          0          0          0          0          0          0          0          0          0          0          0          0          0          0          0          0          0          0   Thermal event interrupts
THR:          0          0          0          0          0          0          0          0          0          0          0          0          0          0          0          0          0          0          0          0          0          0          0          0          0          0          0          0          0          0          0          0   Threshold APIC interrupts
DFR:          0          0          0          0          0          0          0          0          0          0          0          0          0          0          0          0          0          0          0          0          0          0          0          0          0          0          0          0          0          0          0          0   Deferred Error APIC interrupts
MCE:          0          0          0          0          0          0          0          0          0          0          0          0          0          0          0          0          0          0          0          0          0          0          0          0          0          0          0          0          0          0          0          0   Machine check exceptions
MCP:         16         16         16         16         16         16         16         16         16         16         16         16         16         16         16         16         16         16         16         16         16         16         16         16         16         16         16         16         16         16         16         16   Machine check polls
HYP:      28103      32846          5      17594      48720      30144      32291      20164      23493      18074          0          1         31          0          0          0          0       1816       1625       2255       2122       1755       1732       1503       1489       1969       1646       1924       1618       1589       1680       1396   Hypervisor callback interrupts
HRE:          0          0          0          0          0          0          0          0          0          0          0          0          0          0          0          0          0          0          0          0          0          0          0          0          0          0          0          0          0          0          0          0   Hyper-V reenlightenment interrupts
HVS:    1390095    1650260    1579631    1449272    1606490    1319048    1622237    1399432    1563799    1401793    1621249    1340915    1648971    1421834    1566305    1342942    1581381    1297035    1696949    1340265    1717309    1427286    1636834    1425911    1574254    1400417    1694598    1186322    1547467    1361722    1664502    1361587   Hyper-V stimer0 interrupts
ERR:          0
MIS:          0
PIN:          0          0          0          0          0          0          0          0          0          0          0          0          0          0          0          0          0          0          0          0          0          0          0          0          0          0          0          0          0          0          0          0   Posted-interrupt notification event
NPI:          0          0          0          0          0          0          0          0          0          0          0          0          0          0          0          0          0          0          0          0          0          0          0          0          0          0          0          0          0          0          0          0   Nested posted-interrupt event
PIW:          0          0          0          0          0          0          0          0          0          0          0          0          0          0          0          0          0          0          0          0          0          0          0          0          0          0          0          0          0          0          0          0   Posted-interrupt wakeup event
