04d7c81a 00000000 000001b5 00000000 00000000 00000000 00000000 00000000 00000000 00000000 00000000 00000000 00000000
027f54fc 00000000 00000012 00000000 00000000 00000000 00000000 00000000 00000000 00000000 00000000 00000000 00000001
06b2c62a 00000000 0000005a 00000000 00000000 00000000 00000000 00000000 00000000 00000000 00000000 00000000 00000002
07a7d9c9 00000000 0000009d 00000000 00000000 00000000 00000000 00000000 00000000 00000000 00000000 00000000 00000003
06878551 00000000 000000ae 00000000 00000000 00000000 00000000 00000000 00000000 00000000 00000000 00000000 00000004
07d48f1d 00000000 000000e6 00000000 00000000 00000000 00000000 00000000 00000000 00000000 00000000 00000000 00000005
078e65fe 00000000 00000085 00000000 00000000 00000000 00000000 00000000 00000000 00000000 00000000 00000000 00000006
073ecdd2 00000000 000000bb 00000000 00000000 00000000 00000000 00000000 00000000 00000000 00000000 00000000 00000007
075229ab 00000000 0000010d 00000000 00000000 00000000 00000000 00000000 00000000 00000000 00000000 00000000 00000008
05ec6ab9 00000000 0000010e 00000000 00000000 00000000 00000000 00000000 00000000 00000000 00000000 00000000 00000009
05f5a30f 00000000 000000a9 00000000 00000000 00000000 00000000 00000000 00000000 00000000 00000000 00000000 0000000a
07f1030c 00000000 0000011f 00000000 00000000 00000000 00000000 00000000 00000000 00000000 00000000 00000000 0000000b
06fffc9a 00000000 00000109 00000000 00000000 00000000 00000000 00000000 00000000 00000000 00000000 00000000 0000000c
05712a0c 00000000 00000072 00000000 00000000 00000000 00000000 00000000 00000000 00000000 00000000 00000000 0000000d
0773b278 00000000 0000009e 00000000 00000000 00000000 00000000 00000000 00000000 00000000 00000000 00000000 0000000e
06ee0f64 00000000 000000f8 00000000 00000000 00000000 00000000 00000000 00000000 00000000 00000000 00000000 0000000f
06bf433c 00000000 0000016f 00000000 00000000 00000000 00000000 00000000 00000000 00000000 00000000 00000000 00000010
0648982a 00000000 00000194 00000000 00000000 00000000 00000000 00000000 00000000 00000000 00000000 00000000 00000011
0659ef6e 00000000 00000138 00000000 00000000 00000000 00000000 00000000 00000000 00000000 00000000 00000000 00000012
0725e10c 00000000 000000d1 00000000 00000000 00000000 00000000 00000000 00000000 00000000 00000000 00000000 00000013
06803ea1 00000000 000000f4 00000000 00000000 00000000 00000000 00000000 00000000 00000000 00000000 00000000 00000014
0769d376 00000000 00000087 00000000 00000000 00000000 00000000 00000000 00000000 00000000 00000000 00000000 00000015
05844a0c 00000000 00000089 00000000 00000000 00000000 00000000 00000000 00000000 00000000 00000000 00000000 00000016
07310df7 00000000 000000d9 00000000 00000000 00000000 00000000 00000000 00000000 00000000 00000000 00000000 00000017
06911468 00000000 00000154 00000000 00000000 00000000 00000000 00000000 00000000 00000000 00000000 00000000 00000018
0732416f 00000000 0000011a 00000000 00000000 00000000 00000000 00000000 00000000 00000000 00000000 00000000 00000019
05cc020e 00000000 0000010a 00000000 00000000 00000000 00000000 00000000 00000000 00000000 00000000 00000000 0000001a
056b1934 00000000 000002df 00000000 00000000 00000000 00000000 00000000 00000000 00000000 00000000 00000000 0000001b
05cf89ac 00000000 00000164 00000000 00000000 00000000 00000000 00000000 00000000 00000000 00000000 00000000 0000001c
05a2dfd9 00000000 00000090 00000000 00000000 00000000 00000000 00000000 00000000 00000000 00000000 00000000 0000001d
053bc735 00000000 000000c3 00000000 00000000 00000000 00000000 00000000 00000000 00000000 00000000 00000000 0000001e
06a58c45 00000000 0000011e 00000000 00000000 00000000 00000000 00000000 00000000 00000000 00000000 00000000 0000001f
