0576cf52 00000000 000001b5 00000000 00000000 00000000 00000000 00000000 00000000 00000000 00000000 00000000 00000000
028f52ab 00000000 00000012 00000000 00000000 00000000 00000000 00000000 00000000 00000000 00000000 00000000 00000001
06e74ae3 00000000 0000005a 00000000 00000000 00000000 00000000 00000000 00000000 00000000 00000000 00000000 00000002
07bbe408 00000000 0000009d 00000000 00000000 00000000 00000000 00000000 00000000 00000000 00000000 00000000 00000003
075c5d3e 00000000 000000ae 00000000 00000000 00000000 00000000 00000000 00000000 00000000 00000000 00000000 00000004
0825f12f 00000000 000000e6 00000000 00000000 00000000 00000000 00000000 00000000 00000000 00000000 00000003 00000005
07cc3c22 00000000 00000085 00000000 00000000 00000000 00000000 00000000 00000000 00000000 00000000 00000000 00000006
07704e11 00000000 000000bb 00000000 00000000 00000000 00000000 00000000 00000000 00000000 00000000 00000002 00000007
0840824b 00000000 0000010d 00000000 00000000 00000000 00000000 00000000 00000000 00000000 00000000 00000000 00000008
05fc1a62 00000000 0000010e 00000000 00000000 00000000 00000000 00000000 00000000 00000000 00000000 00000000 00000009
0632baa2 00000000 000000a9 00000000 00000000 00000000 00000000 00000000 00000000 00000000 00000000 00000000 0000000a
08639058 00000000 0000011f 00000000 00000000 00000000 00000000 00000000 00000000 00000000 00000000 00000000 0000000b
074df4d7 00000000 00000109 00000000 00000000 00000000 00000000 00000000 00000000 00000000 00000000 00000000 0000000c
05d8ca00 00000000 00000072 00000000 00000000 00000000 00000000 00000000 00000000 00000000 00000000 00000000 0000000d
0810a815 00000000 0000009f 00000000 00000000 00000000 00000000 00000000 00000000 00000000 00000000 00000000 0000000e
08618d56 00000000 000000f9 00000000 00000000 00000000 00000000 00000000 00000000 00000000 00000000 00000000 0000000f
0752ce84 00000000 00000171 00000000 00000000 00000000 00000000 00000000 00000000 00000000 00000000 00000000 00000010
06795f23 00000000 00000194 00000000 00000000 00000000 00000000 00000000 00000000 00000000 00000000 00000000 00000011
06b148b0 00000000 0000013a 00000000 00000000 00000000 00000000 00000000 00000000 00000000 00000000 00000004 00000012
07840304 00000000 000000d2 00000000 00000000 00000000 00000000 00000000 00000000 00000000 00000000 00000000 00000013
06d7d622 00000000 000000f4 00000000 00000000 00000000 00000000 00000000 00000000 00000000 00000000 00000000 00000014
0803efb5 00000000 00000088 00000000 00000000 00000000 00000000 00000000 00000000 00000000 00000000 00000000 00000015
05ba812e 00000000 0000008a 00000000 00000000 00000000 00000000 00000000 00000000 00000000 00000000 00000000 00000016
07728b0c 00000000 000000da 00000000 00000000 00000000 00000000 00000000 00000000 00000000 00000000 00000000 00000017
0708ab54 00000000 00000154 00000000 00000000 00000000 00000000 00000000 00000000 00000000 00000000 00000000 00000018
07eb6245 00000000 0000011a 00000000 00000000 00000000 00000000 00000000 00000000 00000000 00000000 00000000 00000019
0608cc13 00000000 0000010b 00000000 00000000 00000000 00000000 00000000 00000000 00000000 00000000 00000000 0000001a
05db3ffe 00000000 000002e0 00000000 00000000 00000000 00000000 00000000 00000000 00000000 00000000 00000000 0000001b
06a759e2 00000000 00000164 00000000 00000000 00000000 00000000 00000000 00000000 00000000 00000000 00000000 0000001c
06b75b0b 00000000 00000091 00000000 00000000 00000000 00000000 00000000 00000000 00000000 00000000 00000000 0000001d
05d5c930 00000000 000000c3 00000000 00000000 00000000 00000000 00000000 00000000 00000000 00000000 00000000 0000001e
06d2313e 00000000 0000011e 00000000 00000000 00000000 00000000 00000000 00000000 00000000 00000000 00000000 0000001f
