           CPU0       CPU1       CPU2       CPU3       CPU4       CPU5       CPU6       CPU7       CPU8       CPU9       CPU10      CPU11      CPU12      CPU13      CPU14      CPU15      CPU16      CPU17      CPU18      CPU19      CPU20      CPU21      CPU22      CPU23      CPU24      CPU25      CPU26      CPU27      CPU28      CPU29      CPU30      CPU31      
  4:          0          0        806          0          0          0          0          0          0          0          0          0          0          0          0          0          0          0          0          0          0          0          0          0          0          0          0          0          0          0          0         13   IO-APIC   4-edge      ttyS0
  8:          0          0          0          0          0          0          0          0          0          0          0          0          0          0          0          0          0          0          0          0          0          0          0          0          0          0          0          0          0          0          0          0   IO-APIC   8-edge      rtc0
  9:          0          0          0          0          0          0          0          0          0          0          0          0          0          0          0          0          0          0          0          0          0          0          0          0          0          0          0          0          0          0          0          0   IO-APIC   9-fasteoi   acpi
 24:          0    4570887          0       2321          0          0          0          0          0          0          0          0          0          0          0          0          0          0          0          0          0          0          0          0          0          0          0          0          0          0          0          0  Hyper-V PCIe MSI 7119310979072-edge      mlx5_async0@pci:cf33:00:02.0
 25:   15773481          0          0          0          1          0          0          0          0          0          0          0          0          0          0          0          0          0          0          0          0          0          0          0          0          0          0          0          0          0          0          0  Hyper-V PCIe MSI 7119310979073-edge      mlx5_comp0@pci:cf33:00:02.0
 26:          0         30          0          0          0          1          0          0          0          0          0          0          0          0          0          0          0          0          0          0   15711901          0          0          0          0          0          0          0          0          0          0          0  Hyper-V PCIe MSI 7119310979074-edge      mlx5_comp1@pci:cf33:00:02.0
 27:          0          0        230          0          0          0          1          0          0          0          0          0          0          0          0          0          0          0          0          0          0   16212068          0          0          0          0          0          0          0          0          0          0  Hyper-V PCIe MSI 7119310979075-edge      mlx5_comp2@pci:cf33:00:02.0
 28:          0          0          0         32          0          0   15678007          1          0          0          0          0          0          0          0          0          0          0          0          0          0          0          0          0          0          0          0          0          0          0          0          0  Hyper-V PCIe MSI 7119310979076-edge      mlx5_comp3@pci:cf33:00:02.0
 29:          0          0          0          0         19          0          0   17221810          1          0          0          0          0          0          0          0          0          0          0          0          0          0          0          0          0          0          0          0          0          0          0          0  Hyper-V PCIe MSI 7119310979077-edge      mlx5_comp4@pci:cf33:00:02.0
 30:          0          0          0          0          0   15460427          0          0          0          1          0          0          0          0          0          0          0          0          0          0          0          0          0          0          0          0          0          0          0          0          0          0  Hyper-V PCIe MSI 7119310979078-edge      mlx5_comp5@pci:cf33:00:02.0
 31:          0          0          0          0   17579319          0          3          0          0          0          1          0          0          0          0          0          0          0          0          0          0          0          0          0          0          0          0          0          0          0          0          0  Hyper-V PCIe MSI 7119310979079-edge      mlx5_comp6@pci:cf33:00:02.0
 32:          0          0          0   18364568          0          0          0        179          0          0          0          1          0          0          0          0          0          0          0          0          0          0          0          0          0          0          0          0          0          0          0          0  Hyper-V PCIe MSI 7119310979080-edge      mlx5_comp7@pci:cf33:00:02.0
 33:          0          0   17004699          0          0          0          0          0         10          0          0          0          1          0          0          0          0          0          0          0          0          0          0          0          0          0          0          0          0          0          0          0  Hyper-V PCIe MSI 7119310979081-edge      mlx5_comp8@pci:cf33:00:02.0
 34:          0          0          0          0          0          0          0          0          0         13          0          0          0          1          0          0          0          0          0          0          0          0   15978166          0          0          0          0          0          0          0          0          0  Hyper-V PCIe MSI 7119310979082-edge      mlx5_comp9@pci:cf33:00:02.0
 35:          0          0          0          0          0          0          0          0          0          0          3          0          0          0          1          0          0          0          0          0          0          0          0   16712860          0          0          0          0          0          0          0          0  Hyper-V PCIe MSI 7119310979083-edge      mlx5_comp10@pci:cf33:00:02.0
 36:          0          0          0          0          0          0          0          0          0          0   16515431         13          0          0          0          1          0          0          0          0          0          0          0          0          0          0          0          0          0          0          0          0  Hyper-V PCIe MSI 7119310979084-edge      mlx5_comp11@pci:cf33:00:02.0
 37:          0          0          0          0          0          0          0          0          0          0          0   16203836          4          0          0          0          1          0          0          0          0          0          0          0          0          0          0          0          0          0          0          0  Hyper-V PCIe MSI 7119310979085-edge      mlx5_comp12@pci:cf33:00:02.0
 38:          0          0          0          0          0          0          0          0          0          0          0          0          0          3          0          0          0          1          0          0          0          0          0          0          0          0          0          0          0   17606945          0          0  Hyper-V PCIe MSI 7119310979086-edge      mlx5_comp13@pci:cf33:00:02.0
 39:          0          0          0          0          0          0          0          0          0          0          0          0          0          0         11          0          0          0          1          0          0          0          0          0          0          0          0          0   17163399          0          0          0  Hyper-V PCIe MSI 7119310979087-edge      mlx5_comp14@pci:cf33:00:02.0
 40:          0          0          0          0          0          0          0          0          0          0          0          0          0          0          0         39          0          0          0          1          0          0          0          0          0          0   15824286          0          0          0          0          0  Hyper-V PCIe MSI 7119310979088-edge      mlx5_comp15@pci:cf33:00:02.0
 41:          0          0          0          0          0          0          0          0          0          0          0          0          0          0          0          0          3          0          0          0          1          0          0          0          0          0          0   16506315          0          0          0          0  Hyper-V PCIe MSI 7119310979089-edge      mlx5_comp16@pci:cf33:00:02.0
 42:          0          0          0          0          0          0          0          0          0          0          0          0          0          0          0          0          0          8          0          0          0          1          0          0   16369500          0          0          0          0          0          0          0  Hyper-V PCIe MSI 7119310979090-edge      mlx5_comp17@pci:cf33:00:02.0
 43:          0          0          0          0          0          0          0          0          0          0          0          0          0          0          0          0          0          0         11          0          0          0          1          0          0   16253013          0          0          0          0          0          0  Hyper-V PCIe MSI 7119310979091-edge      mlx5_comp18@pci:cf33:00:02.0
 44:          0          0          0          0          0          0          0          0          0          0          0          0   17037194          0          0          0          0          0          0         37          0          0          0          1          0          0          0          0          0          0          0          0  Hyper-V PCIe MSI 7119310979092-edge      mlx5_comp19@pci:cf33:00:02.0
 45:          0          0          0          0          0          0          0          0          0          0          0          0          0   17014884          0          0          0          0          0          0        550          0          0          0          1          0          0          0          0          0          0          0  Hyper-V PCIe MSI 7119310979093-edge      mlx5_comp20@pci:cf33:00:02.0
 46:          0          0          0          0          0          0          0          0   16625674          0          0          0          0          0          0          0          0          0          0          0          0         17          0          0          0          1          0          0          0          0          0          0  Hyper-V PCIe MSI 7119310979094-edge      mlx5_comp21@pci:cf33:00:02.0
 47:          0          0          0          0          0          0          0          0          0   17351254          0          0          0          0          0          0          0          0          0          0          0          0          8          0          0          0          1          0          0          0          0          0  Hyper-V PCIe MSI 7119310979095-edge      mlx5_comp22@pci:cf33:00:02.0
 48:          0          0          0          0          0          0          0          0          0          0          0          0          0          0          0          0          0          0          0   16647987          0          0          0         34          0          0          0          1          0          0          0          0  Hyper-V PCIe MSI 7119310979096-edge      mlx5_comp23@pci:cf33:00:02.0
 49:          0          0          0          0          0          0          0          0          0          0          0          0          0          0          0          0          0          0   15976989          0          0          0          0          0         17          0          0          0          1          0          0          0  Hyper-V PCIe MSI 7119310979097-edge      mlx5_comp24@pci:cf33:00:02.0
 50:          0          0          0          0          0          0          0          0          0          0          0          0          0          0          0          0   15923302          0          0          0          0          0          0          0          0         31          0          0          0          1          0          0  Hyper-V PCIe MSI 7119310979098-edge      mlx5_comp25@pci:cf33:00:02.0
 51:          0          0          0          0          0          0          0          0          0          0          0          0          0          0          0          0          0   17234871          0          0          0          0          0          0          0          0         41          0          0          0          1          0  Hyper-V PCIe MSI 7119310979099-edge      mlx5_comp26@pci:cf33:00:02.0
 52:          0          0          0          0          0          0          0          0          0          0          0          0          0          0   16912959          0          0          0          0          0          0          0          0          0          0          0          0         42          0          0          0          1  Hyper-V PCIe MSI 7119310979100-edge      mlx5_comp27@pci:cf33:00:02.0
 53:          1          0          0          0          0          0          0          0          0          0          0          0          0          0          0   15982964          0          0          0          0          0          0          0          0          0          0          0          0         16          0          0          0  Hyper-V PCIe MSI 7119310979101-edge      mlx5_comp28@pci:cf33:00:02.0
 54:          0          1          0          0          0          0          0          0          0          0          0          0          0          0          0          0          0          0          0          0          0          0          0          0          0          0          0          0          0         15   16219024          0  Hyper-V PCIe MSI 7119310979102-edge      mlx5_comp29@pci:cf33:00:02.0
 55:          0          0          1          0          0          0          0          0          0          0          0          0          0          0          0          0          0          0          0          0          0          0          0          0          0          0          0          0          0          0         28   16098090  Hyper-V PCIe MSI 7119310979103-edge      mlx5_comp30@pci:cf33:00:02.0
NMI:          0          0          0          0          0          0          0          0          0          0          0          0          0          0          0          0          0          0          0          0          0          0          0          0          0          0          0          0          0          0          0          0   Non-maskable interrupts
LOC:          0          0          0          0          0          0          0          0          0          0          0          0          0          0          0          0          0          0          0          0          0          0          0          0          0          0          0          0          0          0          0          0   Local timer interrupts
SPU:          0          0          0          0          0          0          0          0          0          0          0          0          0          0          0          0          0          0          0          0          0          0          0          0          0          0          0          0          0          0          0          0   Spurious interrupts
PMI:          0          0          0          0          0          0          0          0          0          0          0          0          0          0          0          0          0          0          0          0          0          0          0          0          0          0          0          0          0          0          0          0   Performance monitoring interrupts
IWI:       1255        816       1052        688        891        554        967        696        888        687       1068        635       1113        797        909        683       1130        763       1254        890       1323        842       1338        858       1343        901       1253        841       1276        844       1191        758   IRQ work interrupts
RTR:          0          0          0          0          0          0          0          0          0          0          0          0          0          0          0          0          0          0          0          0          0          0          0          0          0          0          0          0          0          0          0          0   APIC ICR read retries
RES:     290247      15866     309249     360462     303145     290735     284390     322457     383143     354253     328385     274676     363089     342275     310494     278076     312616     305585     342607     305592     231562     249619     275732     341480     315158     289876     343834     333815     362472     316603     288867     298427   Rescheduling interrupts
CAL:    2001980    1715156    1880165    1549133    1326194    1173211    1818485    1536050    1716191    1441594    1529031    1270542    1546990    1273481    1461475    1262686    1365924    1127690    1348894    1140637    1330145    1117653    1688505    1392211    1328567    1144357    1624786    1345604    1571998    1338146    1301475    1150785   Function call interrupts
TLB:          0          0          0          0          0          0          0          0          0          0          0          0          0          0          0          0          0          0          0          0          0          0          0          0          0          0          0          0          0          0          0          0   TLB shootdowns
TRM:          0          0          0          0          0          0          0          0          0          0          0          0          0          0          0          0          0          0          0          0          0          0          0          0          0          0          0          0          0          0          0          0   Thermal event interrupts
THR:          0          0          0          0          0          0          0          0          0          0          0          0          0          0          0          0          0          0          0          0          0          0          0          0          0          0          0          0          0          0          0          0   Threshold APIC interrupts
DFR:          0          0          0          0          0          0          0          0          0          0          0          0          0          0          0          0          0          0          0          0          0          0          0          0          0          0          0          0          0          0          0          0   Deferred Error APIC interrupts
MCE:          0          0          0          0          0          0          0          0          0          0          0          0          0          0          0          0          0          0          0          0          0          0          0          0          0          0          0          0          0          0          0          0   Machine check exceptions
MCP:          7          7          7          7          7          7          7          7          7          7          7          7          7          7          7          7          7          7          7          7          7          7          7          7          7          7          7          7          7          7          7          7   Machine check polls
HYP:      14012      21101         29      19507          8          0      23537          0          0      29998          0          0      21186          0      16532      17179      14118       2571       2026       2006       2003       1771       1815       1478       1033       1404       1844       1287       1980       2069       1796       1818   Hypervisor callback interrupts
HRE:          0          0          0          0          0          0          0          0          0          0          0          0          0          0          0          0          0          0          0          0          0          0          0          0          0          0          0          0          0          0          0          0   Hyper-V reenlightenment interrupts
HVS:     774411     708092     772984     633372     740762     598744     876772     720145     791588     611094     735173     602485     705689     542348     798208     606955     713843     594264     688947     562789     734154     627875     673666     510679     672754     552758     729790     556324     664119     503358     611974     508254   Hyper-V stimer0 interrupts
ERR:          0
MIS:          0
PIN:          0          0          0          0          0          0          0          0          0          0          0          0          0          0          0          0          0          0          0          0          0          0          0          0          0          0          0          0          0          0          0          0   Posted-interrupt notification event
NPI:          0          0          0          0          0          0          0          0          0          0          0          0          0          0          0          0          0          0          0          0          0          0          0          0          0          0          0          0          0          0          0          0   Nested posted-interrupt event
PIW:          0          0          0          0          0          0          0          0          0          0          0          0          0          0          0          0          0          0          0          0          0          0          0          0          0          0          0          0          0          0          0          0   Posted-interrupt wakeup event
