06721fbe 00000000 00000015 00000000 00000000 00000000 00000000 00000000 00000000 00000000 00000000 00000000 00000000
0300e7ca 00000000 00000009 00000000 00000000 00000000 00000000 00000000 00000000 00000000 00000000 00000000 00000001
0623a724 00000000 00000011 00000000 00000000 00000000 00000000 00000000 00000000 00000000 00000000 00000000 00000002
0755e87b 00000000 00000019 00000000 00000000 00000000 00000000 00000000 00000000 00000000 00000000 00000000 00000003
04fcdc0b 00000000 00000019 00000000 00000000 00000000 00000000 00000000 00000000 00000000 00000000 00000003 00000004
0634f897 00000000 0000001f 00000000 00000000 00000000 00000000 00000000 00000000 00000000 00000000 00000003 00000005
07a65dc8 00000000 00000020 00000000 00000000 00000000 00000000 00000000 00000000 00000000 00000000 00000000 00000006
06327a75 00000000 00000022 00000000 00000000 00000000 00000000 00000000 00000000 00000000 00000000 00000000 00000007
064936c0 00000000 00000016 00000000 00000000 00000000 00000000 00000000 00000000 00000000 00000000 00000001 00000008
07447acd 00000000 00000021 00000000 00000000 00000000 00000000 00000000 00000000 00000000 00000000 0000001d 00000009
05ee7aa3 00000000 00000026 00000000 00000000 00000000 00000000 00000000 00000000 00000000 00000000 00000004 0000000a
07a57b89 00000000 0000003f 00000000 00000000 00000000 00000000 00000000 00000000 00000000 00000000 00000000 0000000b
0561bf13 00000000 00000020 00000000 00000000 00000000 00000000 00000000 00000000 00000000 00000000 00000000 0000000c
069c7610 00000000 00000029 00000000 00000000 00000000 00000000 00000000 00000000 00000000 00000000 00000009 0000000d
066330cf 00000000 00000043 00000000 00000000 00000000 00000000 00000000 00000000 00000000 00000000 00000000 0000000e
06a51634 00000000 00000045 00000000 00000000 00000000 00000000 00000000 00000000 00000000 00000000 00000000 0000000f
054af1f4 00000000 00000024 00000000 00000000 00000000 00000000 00000000 00000000 00000000 00000000 00000000 00000010
05b54a97 00000000 00000030 00000000 00000000 00000000 00000000 00000000 00000000 00000000 00000000 00000000 00000011
0578c90e 00000000 0000002c 00000000 00000000 00000000 00000000 00000000 00000000 00000000 00000000 00000001 00000012
06b6d1e1 00000000 00000035 00000000 00000000 00000000 00000000 00000000 00000000 00000000 00000000 00000000 00000013
0665e849 00000000 00000042 00000000 00000000 00000000 00000000 00000000 00000000 00000000 00000000 00000000 00000014
05faeea4 00000000 0000003c 00000000 00000000 00000000 00000000 00000000 00000000 00000000 00000000 00000000 00000015
06e4c1cc 00000000 00000033 00000000 00000000 00000000 00000000 00000000 00000000 00000000 00000000 00000000 00000016
051d5a11 00000000 00000034 00000000 00000000 00000000 00000000 00000000 00000000 00000000 00000000 00000000 00000017
063bf478 00000000 0000003d 00000000 00000000 00000000 00000000 00000000 00000000 00000000 00000000 00000000 00000018
0564c1e6 00000000 00000039 00000000 00000000 00000000 00000000 00000000 00000000 00000000 00000000 00000005 00000019
0682c682 00000000 00000045 00000000 00000000 00000000 00000000 00000000 00000000 00000000 00000000 00000000 0000001a
06ae2bf0 00000000 00000040 00000000 00000000 00000000 00000000 00000000 00000000 00000000 00000000 00000005 0000001b
071ef427 00000000 0000003a 00000000 00000000 00000000 00000000 00000000 00000000 00000000 00000000 00000000 0000001c
06340562 00000000 00000027 00000000 00000000 00000000 00000000 00000000 00000000 00000000 00000000 00000000 0000001d
0797f361 00000000 00000033 00000000 00000000 00000000 00000000 00000000 00000000 00000000 00000000 00000000 0000001e
06335940 00000000 00000030 00000000 00000000 00000000 00000000 00000000 00000000 00000000 00000000 00000000 0000001f
