042d7455 00000000 00000009 00000000 00000000 00000000 00000000 00000000 00000000 00000000 00000000 00000000 00000000
029f5e88 00000000 00000007 00000000 00000000 00000000 00000000 00000000 00000000 00000000 00000000 00000000 00000001
043f0a26 00000000 0000000a 00000000 00000000 00000000 00000000 00000000 00000000 00000000 00000000 00000000 00000002
050bace0 00000000 0000000d 00000000 00000000 00000000 00000000 00000000 00000000 00000000 00000000 00000000 00000003
041e4453 00000000 00000011 00000000 00000000 00000000 00000000 00000000 00000000 00000000 00000000 00000000 00000004
03894a73 00000000 0000000e 00000000 00000000 00000000 00000000 00000000 00000000 00000000 00000000 00000000 00000005
039bcbdf 00000000 00000009 00000000 00000000 00000000 00000000 00000000 00000000 00000000 00000000 00000000 00000006
042ab6dd 00000000 00000012 00000000 00000000 00000000 00000000 00000000 00000000 00000000 00000000 00000000 00000007
04116c08 00000000 00000009 00000000 00000000 00000000 00000000 00000000 00000000 00000000 00000000 00000000 00000008
042b4da8 00000000 0000000f 00000000 00000000 00000000 00000000 00000000 00000000 00000000 00000000 00000000 00000009
030f0aaf 00000000 00000018 00000000 00000000 00000000 00000000 00000000 00000000 00000000 00000000 00000000 0000000a
033dc3ad 00000000 00000026 00000000 00000000 00000000 00000000 00000000 00000000 00000000 00000000 00000000 0000000b
03fe6865 00000000 0000000d 00000000 00000000 00000000 00000000 00000000 00000000 00000000 00000000 00000000 0000000c
03e9225e 00000000 00000011 00000000 00000000 00000000 00000000 00000000 00000000 00000000 00000000 00000000 0000000d
03e6c91f 00000000 00000037 00000000 00000000 00000000 00000000 00000000 00000000 00000000 00000000 00000000 0000000e
03540679 00000000 00000033 00000000 00000000 00000000 00000000 00000000 00000000 00000000 00000000 00000000 0000000f
037bec7e 00000000 00000014 00000000 00000000 00000000 00000000 00000000 00000000 00000000 00000000 00000000 00000010
03d2e588 00000000 0000001e 00000000 00000000 00000000 00000000 00000000 00000000 00000000 00000000 00000000 00000011
034e0afb 00000000 00000019 00000000 00000000 00000000 00000000 00000000 00000000 00000000 00000000 00000000 00000012
03c3484a 00000000 0000001a 00000000 00000000 00000000 00000000 00000000 00000000 00000000 00000000 00000000 00000013
036f86be 00000000 0000002b 00000000 00000000 00000000 00000000 00000000 00000000 00000000 00000000 00000000 00000014
03b12e88 00000000 00000029 00000000 00000000 00000000 00000000 00000000 00000000 00000000 00000000 00000000 00000015
03cf41bb 00000000 00000027 00000000 00000000 00000000 00000000 00000000 00000000 00000000 00000000 00000000 00000016
03beb1ab 00000000 00000027 00000000 00000000 00000000 00000000 00000000 00000000 00000000 00000000 00000000 00000017
038d9a3e 00000000 0000002a 00000000 00000000 00000000 00000000 00000000 00000000 00000000 00000000 00000000 00000018
033e0c40 00000000 00000028 00000000 00000000 00000000 00000000 00000000 00000000 00000000 00000000 00000000 00000019
0346c30e 00000000 00000033 00000000 00000000 00000000 00000000 00000000 00000000 00000000 00000000 00000000 0000001a
03bf8b69 00000000 00000033 00000000 00000000 00000000 00000000 00000000 00000000 00000000 00000000 00000000 0000001b
04701c46 00000000 00000023 00000000 00000000 00000000 00000000 00000000 00000000 00000000 00000000 00000000 0000001c
04812efc 00000000 00000017 00000000 00000000 00000000 00000000 00000000 00000000 00000000 00000000 00000000 0000001d
046859ba 00000000 0000001d 00000000 00000000 00000000 00000000 00000000 00000000 00000000 00000000 00000000 0000001e
03cf6d08 00000000 00000017 00000000 00000000 00000000 00000000 00000000 00000000 00000000 00000000 00000000 0000001f
