           CPU0       CPU1       CPU2       CPU3       CPU4       CPU5       CPU6       CPU7       CPU8       CPU9       CPU10      CPU11      CPU12      CPU13      CPU14      CPU15      CPU16      CPU17      CPU18      CPU19      CPU20      CPU21      CPU22      CPU23      CPU24      CPU25      CPU26      CPU27      CPU28      CPU29      CPU30      CPU31      
  4:          0          0        967          0          0          0          0          0          0          0          0          0          0          0          0         16          0          0          0          0          0          0          0          0          0          0          0          0          0          0          0          0   IO-APIC   4-edge      ttyS0
  8:          0          0          0          0          0          0          0          0          0          0          0          0          0          0          0          0          0          0          0          0          0          0          0          0          0          0          0          0          0          0          0          0   IO-APIC   8-edge      rtc0
  9:          0          0          0          0          0          0          0          0          0          0          0          0          0          0          0          0          0          0          0          0          0          0          0          0          0          0          0          0          0          0          0          0   IO-APIC   9-fasteoi   acpi
 24:          0          0          0       1516          0          0          0          0          0          0          0          0          0          0          0          0          0          0          0          0          0          0          0          0          0          0      21609          0          0          0          0          0  Hyper-V PCIe MSI 8598792994816-edge      mlx4-async@pci:fa42:00:02.0
 25:         31          0          0          0          1          0          0          0          0          0          0          0          0          0          0          0          0          0          0          0          0          0          0          0          0          0          0          0          0          0   21599386          0  Hyper-V PCIe MSI 8598792994817-edge      mlx4-1@fa42:00:02.0
 26:          0         37          0   20051406          0          1          0          0          0          0          0          0          0          0          0          0          0          0          0          0          0          0          0          0          0          0          0          0          0          0          0          0  Hyper-V PCIe MSI 8598792994818-edge      mlx4-2@fa42:00:02.0
 27:          0          0        200          0          0          0          1          0          0          0          0          0          0          0          0          0          0          0          0          0          0   20017051          0          0          0          0          0          0          0          0          0          0  Hyper-V PCIe MSI 8598792994819-edge      mlx4-3@fa42:00:02.0
 28:          0          0          0        286          0          0          0          1          0          0          0          0          0          0   20276694          0          0          0          0          0          0          0          0          0          0          0          0          0          0          0          0          0  Hyper-V PCIe MSI 8598792994820-edge      mlx4-4@fa42:00:02.0
 29:          0          0          0          0        109          0          0          0          1   20084785          0          0          0          0          0          0          0          0          0          0          0          0          0          0          0          0          0          0          0          0          0          0  Hyper-V PCIe MSI 8598792994821-edge      mlx4-5@fa42:00:02.0
 30:          0          0          0          0          0         49          0          0          0          1          0          0          0          0          0          0          0          0          0          0          0          0          0          0          0          0          0          0   19480410          0          0          0  Hyper-V PCIe MSI 8598792994822-edge      mlx4-6@fa42:00:02.0
 31:          0          0          0          0          0          0          7          0          0          0          1          0          0          0          0          0          0          0          0          0          0          0   20332651          0          0          0          0          0          0          0          0          0  Hyper-V PCIe MSI 8598792994823-edge      mlx4-7@fa42:00:02.0
 32:          0          0          0          0          0   20408175          0         25          0          0          0          1          0          0          0          0          0          0          0          0          0          0          0          0          0          0          0          0          0          0          0          0  Hyper-V PCIe MSI 8598792994824-edge      mlx4-8@fa42:00:02.0
 33:          0          0          0          0          0          0          0          0          6          0          0          0   20681215          0          0          0          0          0          0          0          0          0          0          0          0          0          0          0          0          0          0          0  Hyper-V PCIe MSI 8598792994825-edge      mlx4-9@fa42:00:02.0
 34:          0          0          0          0          0          0          0          0          0         40          0          0          0          1          0          0   20486968          0          0          0          0          0          0          0          0          0          0          0          0          0          0          0  Hyper-V PCIe MSI 8598792994826-edge      mlx4-10@fa42:00:02.0
 35:          0          0          0          0          0          0          0          0          0          0        109          0          0          0          1          0          0          0          0          0   21514182          0          0          0          0          0          0          0          0          0          0          0  Hyper-V PCIe MSI 8598792994827-edge      mlx4-11@fa42:00:02.0
 36:          0          0          0          0          0          0          0          0          0          0          0         48          0          0          0          1          0          0          0          0          0          0          0          0   21089943          0          0          0          0          0          0          0  Hyper-V PCIe MSI 8598792994828-edge      mlx4-12@fa42:00:02.0
 37:          0          0          0          0          0          0          0          0          0          0          0   19443797          6          0          0          0          1          0          0          0          0          0          0          0          0          0          0          0          0          0          0          0  Hyper-V PCIe MSI 8598792994829-edge      mlx4-13@fa42:00:02.0
 38:          0   22139120          0          0          0          0          0          0          0          0          0          0          0         22          0          0          0          1          0          0          0          0          0          0          0          0          0          0          0          0          0          0  Hyper-V PCIe MSI 8598792994830-edge      mlx4-14@fa42:00:02.0
 39:          0          0          0          0          0          0          0   19766024          0          0          0          0          0          0         13          0          0          0          1          0          0          0          0          0          0          0          0          0          0          0          0          0  Hyper-V PCIe MSI 8598792994831-edge      mlx4-15@fa42:00:02.0
 40:          0          0          0          0          0          0          0          0          0          0          0          0          0          0          0          2          0          0   22146881          1          0          0          0          0          0          0          0          0          0          0          0          0  Hyper-V PCIe MSI 8598792994832-edge      mlx4-16@fa42:00:02.0
NMI:          0          0          0          0          0          0          0          0          0          0          0          0          0          0          0          0          0          0          0          0          0          0          0          0          0          0          0          0          0          0          0          0   Non-maskable interrupts
LOC:          0          0          0          0          0          0          0          0          0          0          0          0          0          0          0          0          0          0          0          0          0          0          0          0          0          0          0          0          0          0          0          0   Local timer interrupts
SPU:          0          0          0          0          0          0          0          0          0          0          0          0          0          0          0          0          0          0          0          0          0          0          0          0          0          0          0          0          0          0          0          0   Spurious interrupts
PMI:          0          0          0          0          0          0          0          0          0          0          0          0          0          0          0          0          0          0          0          0          0          0          0          0          0          0          0          0          0          0          0          0   Performance monitoring interrupts
IWI:        824        560        728        564        800       1745        776        374        776        432        756        578        602        557       3743        598        737        703        677        727        858        446        978        742        998        849       1138        874        742        739        757        700   IRQ work interrupts
RTR:          0          0          0          0          0          0          0          0          0          0          0          0          0          0          0          0          0          0          0          0          0          0          0          0          0          0          0          0          0          0          0          0   APIC ICR read retries
RES:      15658       6189      21232      10637      26995       7004      29514       9044      24953       9193      24853       7734      11637      23131       9105      23246       9416      21414       9740      23850      11796      10076       9530      21125       8848      20561      17592      13263       8614      20856       9095      20747   Rescheduling interrupts
CAL:    2170745    1180258    2147002    1066929    2126205    1212017    2093135    1064319    2099206    1022687    2089050    1108369    1155163    1898065    1303634    1906594    1368790    1895964    1197855    1907333    1081389    1133020    1057551    1859503    1331971    1890443    2346409    2025203    1199500    1875919    1191168    1896262   Function call interrupts
TLB:          0          0          0          0          0          0          0          0          0          0          0          0          0          0          0          0          0          0          0          0          0          0          0          0          0          0          0          0          0          0          0          0   TLB shootdowns
TRM:          0          0          0          0          0          0          0          0          0          0          0          0          0          0          0          0          0          0          0          0          0          0          0          0          0          0          0          0          0          0          0          0   Thermal event interrupts
THR:          0          0          0          0          0          0          0          0          0          0          0          0          0          0          0          0          0          0          0          0          0          0          0          0          0          0          0          0          0          0          0          0   Threshold APIC interrupts
DFR:          0          0          0          0          0          0          0          0          0          0          0          0          0          0          0          0          0          0          0          0          0          0          0          0          0          0          0          0          0          0          0          0   Deferred Error APIC interrupts
MCE:          0          0          0          0          0          0          0          0          0          0          0          0          0          0          0          0          0          0          0          0          0          0          0          0          0          0          0          0          0          0          0          0   Machine check exceptions
MCP:          6          6          6          6          6          6          6          6          6          6          6          6          6          6          6          6          6          6          6          6          6          6          6          6          6          6          6          6          6          6          6          6   Machine check polls
HYP:      10120      17047          5      13311      14769          0      14439      10250          0      15271          0      11021      20338          0          4         17         11        792        988        995       1324        767        758       1498        758        893        904        828       1279        848        781        830   Hypervisor callback interrupts
HRE:          0          0          0          0          0          0          0          0          0          0          0          0          0          0          0          0          0          0          0          0          0          0          0          0          0          0          0          0          0          0          0          0   Hyper-V reenlightenment interrupts
HVS:     666125     482802     631047     481076     657830     460243     645252     453803     648042     460609     618954     489625     541277     600011     507377     615727     513839     600852     507784     604073     567847     558120     478230     598658     503756     612815     576588     500059     499569     583047     526205     582151   Hyper-V stimer0 interrupts
ERR:          0
MIS:          0
PIN:          0          0          0          0          0          0          0          0          0          0          0          0          0          0          0          0          0          0          0          0          0          0          0          0          0          0          0          0          0          0          0          0   Posted-interrupt notification event
NPI:          0          0          0          0          0          0          0          0          0          0          0          0          0          0          0          0          0          0          0          0          0          0          0          0          0          0          0          0          0          0          0          0   Nested posted-interrupt event
PIW:          0          0          0          0          0          0          0          0          0          0          0          0          0          0          0          0          0          0          0          0          0          0          0          0          0          0          0          0          0          0          0          0   Posted-interrupt wakeup event
