00b8b45f 00000000 00000094 00000000 00000000 00000000 00000000 00000000 00000000 00000000 00000000 00000000 00000000
0500f763 00000000 000003df 00000000 00000000 00000000 00000000 00000000 00000000 00000000 00000000 00000000 00000001
00ba42fa 00000000 00000098 00000000 00000000 00000000 00000000 00000000 00000000 00000000 00000000 00000000 00000002
05b2f14e 00000000 00000263 00000000 00000000 00000000 00000000 00000000 00000000 00000000 00000000 00000000 00000003
00ba7ea6 00000000 000000aa 00000000 00000000 00000000 00000000 00000000 00000000 00000000 00000000 00000000 00000004
04dfb509 00000000 0000039b 00000000 00000000 00000000 00000000 00000000 00000000 00000000 00000000 00000000 00000005
00b97a9c 00000000 00000092 00000000 00000000 00000000 00000000 00000000 00000000 00000000 00000000 00000000 00000006
05c520ba 00000000 000003ac 00000000 00000000 00000000 00000000 00000000 00000000 00000000 00000000 00000000 00000007
00b95a31 00000000 0000008e 00000000 00000000 00000000 00000000 00000000 00000000 00000000 00000000 00000000 00000008
05b5b5ae 00000000 0000033b 00000000 00000000 00000000 00000000 00000000 00000000 00000000 00000000 00000000 00000009
00b965b2 00000000 000000a9 00000000 00000000 00000000 00000000 00000000 00000000 00000000 00000000 00000000 0000000a
0538dc99 00000000 000002f3 00000000 00000000 00000000 00000000 00000000 00000000 00000000 00000000 00000000 0000000b
05b69ef7 00000000 00000314 00000000 00000000 00000000 00000000 00000000 00000000 00000000 00000000 00000000 0000000c
00b2f255 00000000 00000092 00000000 00000000 00000000 00000000 00000000 00000000 00000000 00000000 00000000 0000000d
04cc965f 00000000 0000038d 00000000 00000000 00000000 00000000 00000000 00000000 00000000 00000000 00000000 0000000e
00b0c8da 00000000 0000008e 00000000 00000000 00000000 00000000 00000000 00000000 00000000 00000000 00000000 0000000f
049c44f5 00000000 000002e3 00000000 00000000 00000000 00000000 00000000 00000000 00000000 00000000 00000000 00000010
00b1a9fc 00000000 00000098 00000000 00000000 00000000 00000000 00000000 00000000 00000000 00000000 00000000 00000011
05710625 00000000 00000331 00000000 00000000 00000000 00000000 00000000 00000000 00000000 00000000 00000000 00000012
00b06371 00000000 0000008d 00000000 00000000 00000000 00000000 00000000 00000000 00000000 00000000 00000000 00000013
04afb369 00000000 0000030b 00000000 00000000 00000000 00000000 00000000 00000000 00000000 00000000 00000000 00000014
0443f9b5 00000000 000002dc 00000000 00000000 00000000 00000000 00000000 00000000 00000000 00000000 00000000 00000015
063246a3 00000000 00000415 00000000 00000000 00000000 00000000 00000000 00000000 00000000 00000000 00000000 00000016
00af0efc 00000000 000000aa 00000000 00000000 00000000 00000000 00000000 00000000 00000000 00000000 00000000 00000017
0500eacc 00000000 00000362 00000000 00000000 00000000 00000000 00000000 00000000 00000000 00000000 00000000 00000018
00b3037f 00000000 00000092 00000000 00000000 00000000 00000000 00000000 00000000 00000000 00000000 00000000 00000019
00cc8273 00000000 000000b3 00000000 00000000 00000000 00000000 00000000 00000000 00000000 00000000 00000000 0000001a
00bfe87b 00000000 000000ac 00000000 00000000 00000000 00000000 00000000 00000000 00000000 00000000 00000000 0000001b
0561f28b 00000000 00000344 00000000 00000000 00000000 00000000 00000000 00000000 00000000 00000000 00000000 0000001c
00b009cd 00000000 0000008d 00000000 00000000 00000000 00000000 00000000 00000000 00000000 00000000 00000000 0000001d
052177d3 00000000 000002cd 00000000 00000000 00000000 00000000 00000000 00000000 00000000 00000000 00000000 0000001e
00b164c7 00000000 000000a1 00000000 00000000 00000000 00000000 00000000 00000000 00000000 00000000 00000000 0000001f
