00b0b361 00000000 00000093 00000000 00000000 00000000 00000000 00000000 00000000 00000000 00000000 00000000 00000000
04c0383b 00000000 000003df 00000000 00000000 00000000 00000000 00000000 00000000 00000000 00000000 00000000 00000001
00b23b75 00000000 00000098 00000000 00000000 00000000 00000000 00000000 00000000 00000000 00000000 00000000 00000002
05709f3e 00000000 00000263 00000000 00000000 00000000 00000000 00000000 00000000 00000000 00000000 00000000 00000003
00b25fbf 00000000 000000aa 00000000 00000000 00000000 00000000 00000000 00000000 00000000 00000000 00000000 00000004
049fe386 00000000 00000398 00000000 00000000 00000000 00000000 00000000 00000000 00000000 00000000 00000000 00000005
00b17e27 00000000 00000092 00000000 00000000 00000000 00000000 00000000 00000000 00000000 00000000 00000000 00000006
057607ce 00000000 000003aa 00000000 00000000 00000000 00000000 00000000 00000000 00000000 00000000 00000000 00000007
00b1493b 00000000 0000008e 00000000 00000000 00000000 00000000 00000000 00000000 00000000 00000000 00000000 00000008
05872ad4 00000000 0000033b 00000000 00000000 00000000 00000000 00000000 00000000 00000000 00000000 00000000 00000009
00b1717c 00000000 000000a9 00000000 00000000 00000000 00000000 00000000 00000000 00000000 00000000 00000000 0000000a
0510f29a 00000000 000002f2 00000000 00000000 00000000 00000000 00000000 00000000 00000000 00000000 00000000 0000000b
057df7ce 00000000 00000311 00000000 00000000 00000000 00000000 00000000 00000000 00000000 00000000 00000000 0000000c
00abfc5d 00000000 00000092 00000000 00000000 00000000 00000000 00000000 00000000 00000000 00000000 00000000 0000000d
049e1d93 00000000 0000038d 00000000 00000000 00000000 00000000 00000000 00000000 00000000 00000000 00000000 0000000e
00a9cc6e 00000000 0000008e 00000000 00000000 00000000 00000000 00000000 00000000 00000000 00000000 00000000 0000000f
046a2b28 00000000 000002e3 00000000 00000000 00000000 00000000 00000000 00000000 00000000 00000000 00000000 00000010
00aab058 00000000 00000098 00000000 00000000 00000000 00000000 00000000 00000000 00000000 00000000 00000000 00000011
0520ffdf 00000000 00000330 00000000 00000000 00000000 00000000 00000000 00000000 00000000 00000000 00000000 00000012
00a95cc6 00000000 0000008d 00000000 00000000 00000000 00000000 00000000 00000000 00000000 00000000 00000000 00000013
048d82d5 00000000 0000030b 00000000 00000000 00000000 00000000 00000000 00000000 00000000 00000000 00000000 00000014
03e98389 00000000 000002d9 00000000 00000000 00000000 00000000 00000000 00000000 00000000 00000000 00000000 00000015
060e89aa 00000000 00000414 00000000 00000000 00000000 00000000 00000000 00000000 00000000 00000000 00000000 00000016
00a81ad7 00000000 000000a9 00000000 00000000 00000000 00000000 00000000 00000000 00000000 00000000 00000000 00000017
04bf7849 00000000 00000361 00000000 00000000 00000000 00000000 00000000 00000000 00000000 00000000 00000000 00000018
00abe911 00000000 00000092 00000000 00000000 00000000 00000000 00000000 00000000 00000000 00000000 00000000 00000019
00c4bd78 00000000 000000b3 00000000 00000000 00000000 00000000 00000000 00000000 00000000 00000000 00000000 0000001a
00b92204 00000000 000000ab 00000000 00000000 00000000 00000000 00000000 00000000 00000000 00000000 00000000 0000001b
05190451 00000000 00000343 00000000 00000000 00000000 00000000 00000000 00000000 00000000 00000000 00000000 0000001c
00a90efa 00000000 0000008c 00000000 00000000 00000000 00000000 00000000 00000000 00000000 00000000 00000000 0000001d
050b60a8 00000000 000002cb 00000000 00000000 00000000 00000000 00000000 00000000 00000000 00000000 00000000 0000001e
00aa81f6 00000000 000000a1 00000000 00000000 00000000 00000000 00000000 00000000 00000000 00000000 00000000 0000001f
