01154d63 00000000 000000dd 00000000 00000000 00000000 00000000 00000000 00000000 00000000 00000000 00000001 00000000
0026e37f 00000000 0000000a 00000000 00000000 00000000 00000000 00000000 00000000 00000000 00000000 00000000 00000001
00c59662 00000000 000000fb 00000000 00000000 00000000 00000000 00000000 00000000 00000000 00000000 00000000 00000002
00e98c84 00000000 000000c4 00000000 00000000 00000000 00000000 00000000 00000000 00000000 00000000 00000000 00000003
00ec020c 00000000 00000118 00000000 00000000 00000000 00000000 00000000 00000000 00000000 00000000 00000000 00000004
00d029ef 00000032 000000f8 00000000 00000000 00000000 00000000 00000000 00000000 00000000 00000000 00000000 00000005
010b1b70 00000000 00000132 00000000 00000000 00000000 00000000 00000000 00000000 00000000 00000000 00000000 00000006
00d8dc36 00000000 000000fe 00000000 00000000 00000000 00000000 00000000 00000000 00000000 00000000 00000000 00000007
00fc4b9c 000000db 000000ec 00000000 00000000 00000000 00000000 00000000 00000000 00000000 00000000 00000000 00000008
00a843b0 00000000 000000a4 00000000 00000000 00000000 00000000 00000000 00000000 00000000 00000000 00000000 00000009
00f1b51a 00000000 000000f6 00000000 00000000 00000000 00000000 00000000 00000000 00000000 00000000 00000000 0000000a
00d57ef7 00000000 000000cf 00000000 00000000 00000000 00000000 00000000 00000000 00000000 00000000 00000000 0000000b
01030803 00000000 00000101 00000000 00000000 00000000 00000000 00000000 00000000 00000000 00000000 00000000 0000000c
00de0c93 00000000 000000db 00000000 00000000 00000000 00000000 00000000 00000000 00000000 00000000 00000000 0000000d
00d1fb3c 00000000 00000116 00000000 00000000 00000000 00000000 00000000 00000000 00000000 00000000 00000000 0000000e
00fa10b1 00000000 00000118 00000000 00000000 00000000 00000000 00000000 00000000 00000000 00000000 00000000 0000000f
00cbb0ee 00000000 000000fa 00000000 00000000 00000000 00000000 00000000 00000000 00000000 00000000 00000000 00000010
00d375bd 00000000 000000ea 00000000 00000000 00000000 00000000 00000000 00000000 00000000 00000000 00000000 00000011
00d212ee 00000000 000000fd 00000000 00000000 00000000 00000000 00000000 00000000 00000000 00000000 00000000 00000012
00f96760 00000000 00000124 00000000 00000000 00000000 00000000 00000000 00000000 00000000 00000000 00000000 00000013
00a22466 00000000 00000110 00000000 00000000 00000000 00000000 00000000 00000000 00000000 00000000 00000000 00000014
00da10fd 000000b7 0000013c 00000000 00000000 00000000 00000000 00000000 00000000 00000000 00000000 00000000 00000015
010432f5 00000000 00000114 00000000 00000000 00000000 00000000 00000000 00000000 00000000 00000000 00000000 00000016
0110a5e3 00000005 000000fd 00000000 00000000 00000000 00000000 00000000 00000000 00000000 00000000 00000000 00000017
00c1f2fd 00000000 000000ea 00000000 00000000 00000000 00000000 00000000 00000000 00000000 00000000 00000000 00000018
00f0fcbd 0000007b 00000101 00000000 00000000 00000000 00000000 00000000 00000000 00000000 00000000 00000000 00000019
00cbdbe3 00000000 0000010c 00000000 00000000 00000000 00000000 00000000 00000000 00000000 00000000 00000000 0000001a
00c5cab1 00000000 000000fc 00000000 00000000 00000000 00000000 00000000 00000000 00000000 00000000 00000000 0000001b
00d5dac1 00000000 000000f1 00000000 00000000 00000000 00000000 00000000 00000000 00000000 00000000 00000000 0000001c
00ff71bb 0000002f 00000124 00000000 00000000 00000000 00000000 00000000 00000000 00000000 00000000 00000000 0000001d
010c20f6 00000000 000000ee 00000000 00000000 00000000 00000000 00000000 00000000 00000000 00000000 00000000 0000001e
00d6129c 00000000 000000a3 00000000 00000000 00000000 00000000 00000000 00000000 00000000 00000000 00000000 0000001f
